# step Fx Fy Fz Vx Vy Vz Dx Dy Dz 
0 0 0 0 0 0 -1e-07 0 0 -1.18799e-12 
1 0 0 0 0 0 -1e-07 0 0 -2.37599e-12 
2 0 0 0 0 0 -1e-07 0 0 -3.56398e-12 
3 0 0 0 0 0 -1e-07 0 0 -4.75198e-12 
4 0 0 0 0 0 -1e-07 0 0 -5.93997e-12 
5 0 0 0 0 0 -1e-07 0 0 -7.12796e-12 
6 0 0 0 0 0 -1e-07 0 0 -8.31596e-12 
7 0 0 0 0 0 -1e-07 0 0 -9.50395e-12 
8 0 0 0 0 0 -1e-07 0 0 -1.06919e-11 
9 0 0 0 0 0 -1e-07 0 0 -1.18799e-11 
10 0 0 0 0 0 -1e-07 0 0 -1.30679e-11 
11 0 0 0 0 0 -1e-07 0 0 -1.42559e-11 
12 0 0 0 0 0 -1e-07 0 0 -1.54439e-11 
13 0 0 0 0 0 -1e-07 0 0 -1.66319e-11 
14 0 0 0 0 0 -1e-07 0 0 -1.78199e-11 
15 0 0 0 0 0 -1e-07 0 0 -1.90079e-11 
16 0 0 0 0 0 -1e-07 0 0 -2.01959e-11 
17 0 0 0 0 0 -1e-07 0 0 -2.13839e-11 
18 0 0 0 0 0 -1e-07 0 0 -2.25719e-11 
19 0 0 0 0 0 -1e-07 0 0 -2.37599e-11 
20 0 0 0 0 0 -1e-07 0 0 -2.49479e-11 
21 0 0 0 0 0 -1e-07 0 0 -2.61359e-11 
22 0 0 0 0 0 -1e-07 0 0 -2.73239e-11 
23 -2.19796e-10 6.30412e-11 -0.0159474 0 0 -1e-07 0 0 -2.85119e-11 
24 -2.10685e-10 -1.81318e-10 -0.0256094 0 0 -1e-07 0 0 -2.96999e-11 
25 -1.21728e-10 6.56174e-11 -0.0222787 0 0 -1e-07 0 0 -3.08878e-11 
26 -1.16374e-10 5.76359e-11 -0.0139423 0 0 -1e-07 0 0 -3.20758e-11 
27 -1.00856e-10 -5.63058e-11 -0.0543832 0 0 -1e-07 0 0 -3.32638e-11 
28 0.000157407 0.000147657 -0.0356388 0 0 -1e-07 0 0 -3.44518e-11 
29 -4.05832e-05 -9.93667e-05 -0.0101289 0 0 -1e-07 0 0 -3.56398e-11 
30 9.89634e-11 2.08656e-11 -0.0579845 0 0 -1e-07 0 0 -3.68278e-11 
31 -0.000104237 -0.000103373 -0.0498885 0 0 -1e-07 0 0 -3.80158e-11 
32 -7.99892e-05 -0.000294165 -0.057729 0 0 -1e-07 0 0 -3.92038e-11 
33 4.71535e-06 4.39419e-05 -0.0955547 0 0 -1e-07 0 0 -4.03918e-11 
34 4.94158e-05 -0.000313818 -0.129578 0 0 -1e-07 0 0 -4.15798e-11 
35 -6.8531e-05 -0.000162182 -0.0633571 0 0 -1e-07 0 0 -4.27678e-11 
36 0.000191436 -2.2641e-05 -0.137293 0 0 -1e-07 0 0 -4.39558e-11 
37 -4.38602e-05 -0.000402945 -0.0896587 0 0 -1e-07 0 0 -4.51438e-11 
38 4.1006e-05 -0.000115255 -0.0877976 0 0 -1e-07 0 0 -4.63318e-11 
39 0.000218133 -0.000244862 -0.250348 0 0 -1e-07 0 0 -4.75198e-11 
40 0.000196151 -0.000704684 -0.12208 0 0 -1e-07 0 0 -4.87078e-11 
41 4.26603e-05 0.000617293 -0.176701 0 0 -1e-07 0 0 -4.98958e-11 
42 -0.000443142 -0.00100362 -0.180147 0 0 -1e-07 0 0 -5.10837e-11 
43 0.00016472 -0.000385589 -0.219291 0 0 -1e-07 0 0 -5.22717e-11 
44 0.000948863 0.000237069 -0.131526 0 0 -1e-07 0 0 -5.34597e-11 
45 0.000353074 -0.000383161 -0.120021 0 0 -1e-07 0 0 -5.46477e-11 
46 -0.000391404 -0.00140041 -0.341242 0 0 -1e-07 0 0 -5.58357e-11 
47 -0.000377182 0.000154393 -0.281671 0 0 -1e-07 0 0 -5.70237e-11 
48 0.000908298 -0.000371055 -0.24544 0 0 -1e-07 0 0 -5.82117e-11 
49 0.000245209 -0.000122351 -0.252626 0 0 -1e-07 0 0 -5.93997e-11 
50 -0.00011031 -0.000345871 -0.250851 0 0 -1e-07 0 0 -6.05877e-11 
51 0.000194809 -0.000669919 -0.414686 0 0 -1e-07 0 0 -6.17757e-11 
52 -0.00106498 -0.000347588 -0.423708 0 0 -1e-07 0 0 -6.29637e-11 
53 0.000778492 0.000611287 -0.30943 0 0 -1e-07 0 0 -6.41517e-11 
54 0.00026932 -0.000516095 -0.281313 0 0 -1e-07 0 0 -6.53397e-11 
55 0.000115159 0.00034438 -0.219682 0 0 -1e-07 0 0 -6.65277e-11 
56 -0.000730346 9.84464e-05 -0.19445 0 0 -1e-07 0 0 -6.77157e-11 
57 -7.12568e-05 0.00118218 -0.421774 0 0 -1e-07 0 0 -6.89037e-11 
58 0.000701981 -0.0014323 -0.413478 0 0 -1e-07 0 0 -7.00917e-11 
59 -0.00112507 0.000106626 -0.423861 0 0 -1e-07 0 0 -7.12796e-11 
60 0.000268691 -0.00116652 -0.301688 0 0 -1e-07 0 0 -7.24676e-11 
61 0.00136303 -0.0013294 -0.362105 0 0 -1e-07 0 0 -7.36556e-11 
62 0.000210215 0.000688502 -0.457065 0 0 -1e-07 0 0 -7.48436e-11 
63 0.000790315 -0.000165835 -0.402942 0 0 -1e-07 0 0 -7.60316e-11 
64 -0.000186919 -0.00144227 -0.320921 0 0 -1e-07 0 0 -7.72196e-11 
65 -0.000210827 0.000175745 -0.344228 0 0 -1e-07 0 0 -7.84076e-11 
66 0.000275392 0.00211215 -0.361576 0 0 -1e-07 0 0 -7.95956e-11 
67 -0.000128811 0.000809573 -0.363366 0 0 -1e-07 0 0 -8.07836e-11 
68 -0.000326067 -0.00212553 -0.361254 0 0 -1e-07 0 0 -8.19716e-11 
69 -0.000242467 -0.000746855 -0.359699 0 0 -1e-07 0 0 -8.31596e-11 
70 0.00143445 -0.000118258 -0.49311 0 0 -1e-07 0 0 -8.43476e-11 
71 -5.41822e-05 -0.00142105 -0.46251 0 0 -1e-07 0 0 -8.55356e-11 
72 0.000684966 -0.000880188 -0.374005 0 0 -1e-07 0 0 -8.67236e-11 
73 0.000182783 0.000391386 -0.325838 0 0 -1e-07 0 0 -8.79116e-11 
74 0.000375974 -0.00140969 -0.263984 0 0 -1e-07 0 0 -8.90996e-11 
75 0.000418923 -0.000324511 -0.391465 0 0 -1e-07 0 0 -9.02876e-11 
76 0.00166439 -0.000924811 -0.421509 0 0 -1e-07 0 0 -9.14755e-11 
77 0.000387075 -0.00177509 -0.314885 0 0 -1e-07 0 0 -9.26635e-11 
78 -8.82182e-05 -0.0011714 -0.324297 0 0 -1e-07 0 0 -9.38515e-11 
79 0.00187617 -0.00149418 -0.31119 0 0 -1e-07 0 0 -9.50395e-11 
80 -0.000139423 0.000128712 -0.431674 0 0 -1e-07 0 0 -9.62275e-11 
81 0.000350234 0.0010141 -0.389086 0 0 -1e-07 0 0 -9.74155e-11 
82 0.000886691 -0.000741718 -0.387571 0 0 -1e-07 0 0 -9.86035e-11 
83 0.000261507 -9.97833e-05 -0.520864 0 0 -1e-07 0 0 -9.97915e-11 
84 0.00103062 0.000702097 -0.478854 0 0 -1e-07 0 0 -1.0098e-10 
85 -2.86053e-05 -0.000604087 -0.446478 0 0 -1e-07 0 0 -1.02167e-10 
86 0.000309873 -0.000984621 -0.398776 0 0 -1e-07 0 0 -1.03355e-10 
87 0.000154183 -0.00156646 -0.324556 0 0 -1e-07 0 0 -1.04543e-10 
88 -0.000157378 0.000731493 -0.255984 0 0 -1e-07 0 0 -1.05731e-10 
89 0.00130663 0.00119335 -0.374188 0 0 -1e-07 0 0 -1.06919e-10 
90 0.000270348 -0.000400341 -0.497606 0 0 -1e-07 0 0 -1.08107e-10 
91 -0.00146241 0.00137647 -0.370713 0 0 -1e-07 0 0 -1.09295e-10 
92 8.91214e-05 0.00017543 -0.383118 0 0 -1e-07 0 0 -1.10483e-10 
93 -0.00101473 -0.00279524 -0.33683 0 0 -1e-07 0 0 -1.11671e-10 
94 0.00247289 0.000303625 -0.381338 0 0 -1e-07 0 0 -1.12859e-10 
95 0.00176448 0.00160199 -0.387616 0 0 -1e-07 0 0 -1.14047e-10 
96 -0.0011291 -0.00101801 -0.540545 0 0 -1e-07 0 0 -1.15235e-10 
97 0.000366259 0.00138895 -0.475186 0 0 -1e-07 0 0 -1.16423e-10 
98 -0.000774574 -0.000163941 -0.385912 0 0 -1e-07 0 0 -1.17611e-10 
99 -0.00102087 0.000369388 -0.361017 0 0 -1e-07 0 0 -1.18799e-10 
100 0.00223675 0.000551431 -0.402724 0 0 -1e-07 0 0 -1.19987e-10 
101 0.00069445 -0.000493507 -0.352627 0 0 -1e-07 0 0 -1.21175e-10 
102 -8.63107e-05 -0.00217394 -0.463775 0 0 -1e-07 0 0 -1.22363e-10 
103 -0.000982078 -0.000919337 -0.466715 0 0 -1e-07 0 0 -1.23551e-10 
104 -0.000966227 0.00301966 -0.353857 0 0 -1e-07 0 0 -1.24739e-10 
105 0.000718857 -0.000669777 -0.313731 0 0 -1e-07 0 0 -1.25927e-10 
106 0.00219659 -0.000981844 -0.43012 0 0 -1e-07 0 0 -1.27115e-10 
107 0.000663958 -0.00025385 -0.346871 0 0 -1e-07 0 0 -1.28303e-10 
108 0.000292505 -0.00039648 -0.428954 0 0 -1e-07 0 0 -1.29491e-10 
109 0.000945928 0.00234973 -0.439479 0 0 -1e-07 0 0 -1.30679e-10 
110 0.00342846 -0.00184586 -0.492697 0 0 -1e-07 0 0 -1.31867e-10 
111 -0.00141249 -0.00200899 -0.448032 0 0 -1e-07 0 0 -1.33055e-10 
112 0.00204959 1.73847e-05 -0.456662 0 0 -1e-07 0 0 -1.34243e-10 
113 0.00178543 -0.000423062 -0.370478 0 0 -1e-07 0 0 -1.35431e-10 
114 0.000364887 -0.00120091 -0.403931 0 0 -1e-07 0 0 -1.36619e-10 
115 0.000328975 -0.00253967 -0.351319 0 0 -1e-07 0 0 -1.37807e-10 
116 -0.00147981 -0.000989446 -0.453718 0 0 -1e-07 0 0 -1.38995e-10 
117 0.000136818 0.00205109 -0.344764 0 0 -1e-07 0 0 -1.40183e-10 
118 0.000667975 -0.00136963 -0.41647 0 0 -1e-07 0 0 -1.41371e-10 
119 -0.00216972 0.000439331 -0.413749 0 0 -1e-07 0 0 -1.42559e-10 
120 0.000492987 -0.00133215 -0.412569 0 0 -1e-07 0 0 -1.43747e-10 
121 0.000571459 -0.000230302 -0.301474 0 0 -1e-07 0 0 -1.44935e-10 
122 0.000796875 0.000647401 -0.484594 0 0 -1e-07 0 0 -1.46123e-10 
123 0.00104152 0.000351211 -0.474182 0 0 -1e-07 0 0 -1.47311e-10 
124 0.000696039 0.000275353 -0.482406 0 0 -1e-07 0 0 -1.48499e-10 
125 0.000997551 -0.00448172 -0.486928 0 0 -1e-07 0 0 -1.49687e-10 
126 0.000655995 -0.00135481 -0.469946 0 0 -1e-07 0 0 -1.50875e-10 
127 0.0014436 -0.000474345 -0.486486 0 0 -1e-07 0 0 -1.52063e-10 
128 0.000348022 -0.00179454 -0.449348 0 0 -1e-07 0 0 -1.53251e-10 
129 0.000383298 -0.00239197 -0.48793 0 0 -1e-07 0 0 -1.54439e-10 
130 9.01353e-05 -0.000819816 -0.463663 0 0 -1e-07 0 0 -1.55627e-10 
131 0.000924775 0.000492859 -0.385444 0 0 -1e-07 0 0 -1.56815e-10 
132 -0.00105761 -0.0047606 -0.48339 0 0 -1e-07 0 0 -1.58003e-10 
133 0.000203104 -0.00241443 -0.346963 0 0 -1e-07 0 0 -1.59191e-10 
134 -0.000371761 0.000357956 -0.246191 0 0 -1e-07 0 0 -1.60379e-10 
135 -0.000855748 -0.000329694 -0.358473 0 0 -1e-07 0 0 -1.61567e-10 
136 0.000328346 -0.00134366 -0.430363 0 0 -1e-07 0 0 -1.62755e-10 
137 0.00354463 -0.00361752 -0.501846 0 0 -1e-07 0 0 -1.63943e-10 
138 0.00152718 -0.00198442 -0.559554 0 0 -1e-07 0 0 -1.65131e-10 
139 -0.000218903 0.00188057 -0.421647 0 0 -1e-07 0 0 -1.66319e-10 
140 0.000321435 -7.90298e-05 -0.503681 0 0 -1e-07 0 0 -1.67507e-10 
141 0.00357603 0.00185843 -0.554975 0 0 -1e-07 0 0 -1.68695e-10 
142 -0.000356118 0.00104633 -0.343466 0 0 -1e-07 0 0 -1.69883e-10 
143 0.00048441 0.000772212 -0.339639 0 0 -1e-07 0 0 -1.71071e-10 
144 -0.00250171 -0.00071703 -0.349216 0 0 -1e-07 0 0 -1.72259e-10 
145 -3.30578e-05 -0.00091867 -0.435012 0 0 -1e-07 0 0 -1.73447e-10 
146 0.00175268 -0.00100977 -0.383971 0 0 -1e-07 0 0 -1.74635e-10 
147 0.000881564 -0.000202186 -0.280305 0 0 -1e-07 0 0 -1.75823e-10 
148 0.00140247 0.00239534 -0.678373 0 0 -1e-07 0 0 -1.77011e-10 
149 -0.000167612 -0.00275408 -0.496076 0 0 -1e-07 0 0 -1.78199e-10 
150 0.00192498 0.00052176 -0.417331 0 0 -1e-07 0 0 -1.79387e-10 
151 0.00232644 0.000931504 -0.438809 0 0 -1e-07 0 0 -1.80575e-10 
152 0.000321036 -0.000846548 -0.350665 0 0 -1e-07 0 0 -1.81763e-10 
153 -0.00208428 0.00152474 -0.448157 0 0 -1e-07 0 0 -1.82951e-10 
154 0.00359633 -0.000530508 -0.48478 0 0 -1e-07 0 0 -1.84139e-10 
155 0.00135589 0.00134139 -0.402699 0 0 -1e-07 0 0 -1.85327e-10 
156 6.48564e-05 -0.00196189 -0.521289 0 0 -1e-07 0 0 -1.86515e-10 
157 -0.00200741 -0.000852486 -0.288343 0 0 -1e-07 0 0 -1.87703e-10 
158 -0.000568288 -0.00217498 -0.405381 0 0 -1e-07 0 0 -1.88891e-10 
159 -0.000496595 -0.00089455 -0.417271 0 0 -1e-07 0 0 -1.90079e-10 
160 0.000780588 -0.00102597 -0.359598 0 0 -1e-07 0 0 -1.91267e-10 
161 -0.000376091 -0.00165217 -0.431689 0 0 -1e-07 0 0 -1.92455e-10 
162 -0.0014818 -0.00324107 -0.51968 0 0 -1e-07 0 0 -1.93643e-10 
163 0.00234422 0.00239365 -0.461991 0 0 -1e-07 0 0 -1.94831e-10 
164 0.00203693 0.000569387 -0.510914 0 0 -1e-07 0 0 -1.96019e-10 
165 0.00256929 -0.000165181 -0.43981 0 0 -1e-07 0 0 -1.97207e-10 
166 0.000804346 -0.000929267 -0.319424 0 0 -1e-07 0 0 -1.98395e-10 
167 -0.00293651 -0.00207573 -0.395012 0 0 -1e-07 0 0 -1.99583e-10 
168 0.00041715 -0.000113089 -0.357508 0 0 -1e-07 0 0 -2.00771e-10 
169 0.00105096 -0.00030877 -0.500282 0 0 -1e-07 0 0 -2.01959e-10 
170 -0.00112717 -0.00287983 -0.549212 0 0 -1e-07 0 0 -2.03147e-10 
171 -0.00278122 -0.00449362 -0.520123 0 0 -1e-07 0 0 -2.04335e-10 
172 0.000765488 -0.00235207 -0.362995 0 0 -1e-07 0 0 -2.05523e-10 
173 0.000395708 -0.00108843 -0.411816 0 0 -1e-07 0 0 -2.06711e-10 
174 0.000474921 0.00163479 -0.489039 0 0 -1e-07 0 0 -2.07899e-10 
175 -0.000169392 -0.00139668 -0.420855 0 0 -1e-07 0 0 -2.09087e-10 
176 -0.00159371 0.00109279 -0.445211 0 0 -1e-07 0 0 -2.10275e-10 
177 -0.000953715 0.00197824 -0.45175 0 0 -1e-07 0 0 -2.11463e-10 
178 -0.00482727 -0.00257284 -0.511232 0 0 -1e-07 0 0 -2.12651e-10 
179 -0.00183206 -0.00251861 -0.437399 0 0 -1e-07 0 0 -2.13839e-10 
180 -0.0049923 0.00223359 -0.452354 0 0 -1e-07 0 0 -2.15027e-10 
181 0.00102435 -0.00037732 -0.354746 0 0 -1e-07 0 0 -2.16215e-10 
182 -0.00103085 -0.00339471 -0.544319 0 0 -1e-07 0 0 -2.17403e-10 
183 -0.000822127 0.00154996 -0.588159 0 0 -1e-07 0 0 -2.18591e-10 
184 0.00246828 0.000642343 -0.622401 0 0 -1e-07 0 0 -2.19779e-10 
185 0.00267561 0.0013864 -0.539404 0 0 -1e-07 0 0 -2.20967e-10 
186 -0.00037536 0.00260403 -0.427985 0 0 -1e-07 0 0 -2.22155e-10 
187 -0.00203896 0.000270555 -0.469008 0 0 -1e-07 0 0 -2.23343e-10 
188 6.57629e-05 0.000514362 -0.322399 0 0 -1e-07 0 0 -2.24531e-10 
189 6.28078e-06 0.000135258 -0.478473 0 0 -1e-07 0 0 -2.25719e-10 
190 0.00154033 0.00170336 -0.4455 0 0 -1e-07 0 0 -2.26907e-10 
191 0.000607033 -0.0011118 -0.390745 0 0 -1e-07 0 0 -2.28095e-10 
192 -0.000261706 -0.00267116 -0.538085 0 0 -1e-07 0 0 -2.29283e-10 
193 -0.00122361 -0.00114853 -0.37149 0 0 -1e-07 0 0 -2.30471e-10 
194 0.000151014 0.00246216 -0.409019 0 0 -1e-07 0 0 -2.31659e-10 
195 0.000196796 -0.000511207 -0.328617 0 0 -1e-07 0 0 -2.32847e-10 
196 -6.98705e-06 -0.00232705 -0.589187 0 0 -1e-07 0 0 -2.34035e-10 
197 -0.000872582 0.000318274 -0.26016 0 0 -1e-07 0 0 -2.35223e-10 
198 0.000372662 0.000431705 -0.388588 0 0 -1e-07 0 0 -2.36411e-10 
199 -0.00213175 -0.000616155 -0.533538 0 0 -1e-07 0 0 -2.37599e-10 
200 0.000859289 0.00104373 -0.378348 0 0 -1e-07 0 0 -2.38787e-10 
