# step Fx Fy Fz Vx Vy Vz Dx Dy Dz 
0 0 0 0 0 0 -1e-07 0 0 -9.20694e-13 
1 0 0 0 0 0 -1e-07 0 0 -1.84139e-12 
2 0 0 0 0 0 -1e-07 0 0 -2.76208e-12 
3 0 0 0 0 0 -1e-07 0 0 -3.68278e-12 
4 0 0 0 0 0 -1e-07 0 0 -4.60347e-12 
5 0 0 0 0 0 -1e-07 0 0 -5.52416e-12 
6 0 0 0 0 0 -1e-07 0 0 -6.44486e-12 
7 0 0 0 0 0 -1e-07 0 0 -7.36555e-12 
8 0 0 0 0 0 -1e-07 0 0 -8.28625e-12 
9 0 0 0 0 0 -1e-07 0 0 -9.20694e-12 
10 0 0 0 0 0 -1e-07 0 0 -1.01276e-11 
11 0 0 0 0 0 -1e-07 0 0 -1.10483e-11 
12 0 0 0 0 0 -1e-07 0 0 -1.1969e-11 
13 0 0 0 0 0 -1e-07 0 0 -1.28897e-11 
14 0 0 0 0 0 -1e-07 0 0 -1.38104e-11 
15 0 0 0 0 0 -1e-07 0 0 -1.47311e-11 
16 0 0 0 0 0 -1e-07 0 0 -1.56518e-11 
17 0 0 0 0 0 -1e-07 0 0 -1.65725e-11 
18 0 0 0 0 0 -1e-07 0 0 -1.74932e-11 
19 0 0 0 0 0 -1e-07 0 0 -1.84139e-11 
20 0 0 0 0 0 -1e-07 0 0 -1.93346e-11 
21 0 0 0 0 0 -1e-07 0 0 -2.02553e-11 
22 0 0 0 0 0 -1e-07 0 0 -2.1176e-11 
23 0 0 0 0 0 -1e-07 0 0 -2.20967e-11 
24 0 0 0 0 0 -1e-07 0 0 -2.30174e-11 
25 0 0 0 0 0 -1e-07 0 0 -2.3938e-11 
26 0 0 0 0 0 -1e-07 0 0 -2.48587e-11 
27 0 0 0 0 0 -1e-07 0 0 -2.57794e-11 
28 0 0 0 0 0 -1e-07 0 0 -2.67001e-11 
29 3.41498e-11 4.46405e-11 -0.0273215 0 0 -1e-07 0 0 -2.76208e-11 
30 0 0 0 0 0 -1e-07 0 0 -2.85415e-11 
31 -7.68587e-11 -5.16572e-11 -0.0449463 0 0 -1e-07 0 0 -2.94622e-11 
32 -1.39494e-12 -3.1868e-11 -0.0387475 0 0 -1e-07 0 0 -3.03829e-11 
33 0 0 0 0 0 -1e-07 0 0 -3.13036e-11 
34 -8.07156e-11 1.28514e-10 -0.0652551 0 0 -1e-07 0 0 -3.22243e-11 
35 4.18659e-11 4.27342e-11 -0.0541161 0 0 -1e-07 0 0 -3.3145e-11 
36 -2.40493e-06 1.22708e-06 -0.0405715 0 0 -1e-07 0 0 -3.40657e-11 
37 0 0 0 0 0 -1e-07 0 0 -3.49864e-11 
38 -4.73939e-12 4.25263e-11 -0.0997973 0 0 -1e-07 0 0 -3.59071e-11 
39 8.97404e-06 -3.29402e-05 -0.0151591 0 0 -1e-07 0 0 -3.68278e-11 
40 -4.10559e-06 -0.000102091 -0.0959729 0 0 -1e-07 0 0 -3.77485e-11 
41 1.053e-05 -3.37642e-06 -0.0183253 0 0 -1e-07 0 0 -3.86692e-11 
42 5.81824e-05 -0.000131387 -0.0661902 0 0 -1e-07 0 0 -3.95898e-11 
43 -5.53775e-06 7.96716e-06 -0.0757491 0 0 -1e-07 0 0 -4.05105e-11 
44 -4.57625e-05 2.50059e-05 -0.173818 0 0 -1e-07 0 0 -4.14312e-11 
45 -5.32446e-05 3.97086e-05 -0.0961769 0 0 -1e-07 0 0 -4.23519e-11 
46 0.00017185 -6.28255e-05 -0.119301 0 0 -1e-07 0 0 -4.32726e-11 
47 1.11633e-05 3.95193e-06 -0.115795 0 0 -1e-07 0 0 -4.41933e-11 
48 -4.35956e-05 -0.000108752 -0.0620425 0 0 -1e-07 0 0 -4.5114e-11 
49 -0.00020083 0.000193028 -0.0418677 0 0 -1e-07 0 0 -4.60347e-11 
50 -4.06686e-05 -6.08949e-05 -0.193172 0 0 -1e-07 0 0 -4.69554e-11 
51 2.33881e-05 9.5504e-05 -0.17234 0 0 -1e-07 0 0 -4.78761e-11 
52 -0.000107796 2.29153e-05 -0.168271 0 0 -1e-07 0 0 -4.87968e-11 
53 -3.8028e-05 2.45223e-05 -0.13629 0 0 -1e-07 0 0 -4.97175e-11 
54 5.77522e-05 -0.000133441 -0.231322 0 0 -1e-07 0 0 -5.06382e-11 
55 -6.33655e-05 0.000342382 -0.209429 0 0 -1e-07 0 0 -5.15589e-11 
56 0.000144863 -2.72838e-06 -0.167037 0 0 -1e-07 0 0 -5.24796e-11 
57 1.58165e-05 -0.00010286 -0.159315 0 0 -1e-07 0 0 -5.34003e-11 
58 0.000185918 -0.000349741 -0.26436 0 0 -1e-07 0 0 -5.4321e-11 
59 -3.65597e-05 -5.0653e-06 -0.266048 0 0 -1e-07 0 0 -5.52416e-11 
60 -0.000166752 -0.000177435 -0.291781 0 0 -1e-07 0 0 -5.61623e-11 
61 -6.25206e-05 9.96083e-05 -0.151586 0 0 -1e-07 0 0 -5.7083e-11 
62 0.000124505 2.85028e-05 -0.27817 0 0 -1e-07 0 0 -5.80037e-11 
63 -9.58315e-06 0.000257203 -0.296587 0 0 -1e-07 0 0 -5.89244e-11 
64 2.29386e-05 -0.000260256 -0.316256 0 0 -1e-07 0 0 -5.98451e-11 
65 -0.000265401 -8.76062e-05 -0.254095 0 0 -1e-07 0 0 -6.07658e-11 
66 3.26548e-05 -0.000105531 -0.505005 0 0 -1e-07 0 0 -6.16865e-11 
67 0.000133305 0.000101413 -0.447232 0 0 -1e-07 0 0 -6.26072e-11 
68 -0.000271889 -0.000134252 -0.401645 0 0 -1e-07 0 0 -6.35279e-11 
69 -0.000204559 -9.78876e-05 -0.237935 0 0 -1e-07 0 0 -6.44486e-11 
70 3.8953e-05 -5.40107e-05 -0.196274 0 0 -1e-07 0 0 -6.53693e-11 
71 -4.75515e-05 0.000128482 -0.213668 0 0 -1e-07 0 0 -6.629e-11 
72 0.000325926 0.000277298 -0.295496 0 0 -1e-07 0 0 -6.72107e-11 
73 -0.000135434 -5.68913e-05 -0.380086 0 0 -1e-07 0 0 -6.81314e-11 
74 -0.000494648 0.00032243 -0.332994 0 0 -1e-07 0 0 -6.90521e-11 
75 -0.000100958 4.31471e-05 -0.339325 0 0 -1e-07 0 0 -6.99727e-11 
76 -0.00033097 -3.9597e-05 -0.315216 0 0 -1e-07 0 0 -7.08934e-11 
77 -0.000200519 -0.00036507 -0.336791 0 0 -1e-07 0 0 -7.18141e-11 
78 -0.000263589 -0.000321863 -0.363268 0 0 -1e-07 0 0 -7.27348e-11 
79 -0.000257708 0.000245174 -0.191041 0 0 -1e-07 0 0 -7.36555e-11 
80 -0.000343016 -7.67267e-05 -0.334674 0 0 -1e-07 0 0 -7.45762e-11 
81 -0.000252171 -0.000388666 -0.390941 0 0 -1e-07 0 0 -7.54969e-11 
82 -0.00024758 -4.57734e-05 -0.262386 0 0 -1e-07 0 0 -7.64176e-11 
83 0.000115369 5.07708e-05 -0.329343 0 0 -1e-07 0 0 -7.73383e-11 
84 -4.44589e-05 -8.31981e-05 -0.307471 0 0 -1e-07 0 0 -7.8259e-11 
85 4.36111e-05 0.000261623 -0.357442 0 0 -1e-07 0 0 -7.91797e-11 
86 0.000245484 9.72855e-05 -0.392478 0 0 -1e-07 0 0 -8.01004e-11 
87 7.2061e-05 -0.000798293 -0.340327 0 0 -1e-07 0 0 -8.10211e-11 
88 -0.000309872 -0.000101942 -0.310999 0 0 -1e-07 0 0 -8.19418e-11 
89 -2.28235e-05 0.000307985 -0.418082 0 0 -1e-07 0 0 -8.28625e-11 
90 -0.000342347 0.000593858 -0.28405 0 0 -1e-07 0 0 -8.37832e-11 
91 -8.85055e-06 0.000298284 -0.526251 0 0 -1e-07 0 0 -8.47039e-11 
92 -0.000351844 0.000280348 -0.299918 0 0 -1e-07 0 0 -8.56245e-11 
93 0.000164866 -0.000199977 -0.322323 0 0 -1e-07 0 0 -8.65452e-11 
94 -0.000576126 -0.000434788 -0.417582 0 0 -1e-07 0 0 -8.74659e-11 
95 0.000145013 0.000148494 -0.352654 0 0 -1e-07 0 0 -8.83866e-11 
96 -0.000167075 -0.000253593 -0.342938 0 0 -1e-07 0 0 -8.93073e-11 
97 -2.92606e-05 -0.000153143 -0.2376 0 0 -1e-07 0 0 -9.0228e-11 
98 -0.000307737 -0.000216323 -0.498056 0 0 -1e-07 0 0 -9.11487e-11 
99 -0.000528121 -0.000210683 -0.298393 0 0 -1e-07 0 0 -9.20694e-11 
100 -0.000187571 -3.19481e-05 -0.303025 0 0 -1e-07 0 0 -9.29901e-11 
101 -0.000407077 0.000132259 -0.221547 0 0 -1e-07 0 0 -9.39108e-11 
102 -0.000387684 0.000368935 -0.240322 0 0 -1e-07 0 0 -9.48315e-11 
103 -0.000245013 0.000195797 -0.383261 0 0 -1e-07 0 0 -9.57522e-11 
104 -0.000264284 -3.36519e-05 -0.263727 0 0 -1e-07 0 0 -9.66729e-11 
105 0.000183828 -0.000525701 -0.304691 0 0 -1e-07 0 0 -9.75936e-11 
106 -0.00048173 -0.000279542 -0.313773 0 0 -1e-07 0 0 -9.85143e-11 
107 1.94147e-05 1.09744e-05 -0.251795 0 0 -1e-07 0 0 -9.9435e-11 
108 0.000618675 0.000246162 -0.370855 0 0 -1e-07 0 0 -1.00356e-10 
109 9.89904e-05 -0.000365614 -0.355713 0 0 -1e-07 0 0 -1.01276e-10 
110 -0.00030871 -0.000203753 -0.182196 0 0 -1e-07 0 0 -1.02197e-10 
111 -0.000424691 0.000212611 -0.417589 0 0 -1e-07 0 0 -1.03118e-10 
112 -0.000475783 0.000388781 -0.295201 0 0 -1e-07 0 0 -1.04038e-10 
113 -0.000331734 -0.000118198 -0.363642 0 0 -1e-07 0 0 -1.04959e-10 
114 8.3732e-05 -9.73875e-06 -0.382726 0 0 -1e-07 0 0 -1.0588e-10 
115 -2.27735e-05 -0.00017163 -0.248931 0 0 -1e-07 0 0 -1.06801e-10 
116 8.92944e-05 0.000212084 -0.312451 0 0 -1e-07 0 0 -1.07721e-10 
117 -9.14109e-05 5.42168e-05 -0.430705 0 0 -1e-07 0 0 -1.08642e-10 
118 -0.000207538 -0.000327361 -0.350526 0 0 -1e-07 0 0 -1.09563e-10 
119 -5.8045e-05 -0.000495939 -0.297669 0 0 -1e-07 0 0 -1.10483e-10 
120 -0.000387181 -0.000514902 -0.320926 0 0 -1e-07 0 0 -1.11404e-10 
121 5.06269e-05 0.000221067 -0.504818 0 0 -1e-07 0 0 -1.12325e-10 
122 -0.000381491 0.000363791 -0.239195 0 0 -1e-07 0 0 -1.13245e-10 
123 0.000377322 8.6155e-05 -0.421159 0 0 -1e-07 0 0 -1.14166e-10 
124 -0.000161082 0.000430166 -0.458691 0 0 -1e-07 0 0 -1.15087e-10 
125 0.00107405 -0.000168264 -0.238514 0 0 -1e-07 0 0 -1.16007e-10 
126 7.53001e-05 -0.000583902 -0.170893 0 0 -1e-07 0 0 -1.16928e-10 
127 0.000204517 -0.000439424 -0.352916 0 0 -1e-07 0 0 -1.17849e-10 
128 -2.79359e-05 0.00023073 -0.142917 0 0 -1e-07 0 0 -1.1877e-10 
129 -0.000391887 0.000126162 -0.396288 0 0 -1e-07 0 0 -1.1969e-10 
130 -0.000639956 -0.00025976 -0.289541 0 0 -1e-07 0 0 -1.20611e-10 
131 -0.000127822 -0.000234505 -0.349875 0 0 -1e-07 0 0 -1.21532e-10 
132 0.000206618 0.000156203 -0.249036 0 0 -1e-07 0 0 -1.22452e-10 
133 -3.09457e-06 0.00050322 -0.230424 0 0 -1e-07 0 0 -1.23373e-10 
134 0.000340101 3.46626e-05 -0.219917 0 0 -1e-07 0 0 -1.24294e-10 
135 -0.000206707 0.000226797 -0.272779 0 0 -1e-07 0 0 -1.25214e-10 
136 -0.000371549 0.000454941 -0.270447 0 0 -1e-07 0 0 -1.26135e-10 
137 -0.000108506 -0.000738008 -0.264135 0 0 -1e-07 0 0 -1.27056e-10 
138 -0.000175162 -0.000239768 -0.476594 0 0 -1e-07 0 0 -1.27976e-10 
139 2.97588e-05 -0.000116874 -0.259665 0 0 -1e-07 0 0 -1.28897e-10 
140 -0.00023222 0.000382602 -0.358026 0 0 -1e-07 0 0 -1.29818e-10 
141 -0.000135358 -0.000344556 -0.42355 0 0 -1e-07 0 0 -1.30739e-10 
142 -0.00053294 -6.96051e-05 -0.351596 0 0 -1e-07 0 0 -1.31659e-10 
143 -0.000295973 -0.00035144 -0.108554 0 0 -1e-07 0 0 -1.3258e-10 
144 0.000285608 -0.000632357 -0.410354 0 0 -1e-07 0 0 -1.33501e-10 
145 0.000773151 -0.000764118 -0.331321 0 0 -1e-07 0 0 -1.34421e-10 
146 0.000515998 0.000189361 -0.296015 0 0 -1e-07 0 0 -1.35342e-10 
147 0.000275472 0.000252289 -0.284458 0 0 -1e-07 0 0 -1.36263e-10 
148 -0.000561216 0.000532461 -0.377097 0 0 -1e-07 0 0 -1.37183e-10 
149 0.000403815 0.00054792 -0.408183 0 0 -1e-07 0 0 -1.38104e-10 
150 -0.000493303 -0.000658514 -0.208186 0 0 -1e-07 0 0 -1.39025e-10 
151 -0.000181063 0.000486394 -0.129227 0 0 -1e-07 0 0 -1.39945e-10 
152 -0.000806043 -7.72759e-05 -0.329162 0 0 -1e-07 0 0 -1.40866e-10 
153 0.000220258 0.000619568 -0.367251 0 0 -1e-07 0 0 -1.41787e-10 
154 -0.000210376 -2.66025e-05 -0.34779 0 0 -1e-07 0 0 -1.42708e-10 
155 0.000177318 -0.000100587 -0.195266 0 0 -1e-07 0 0 -1.43628e-10 
156 -0.00011358 -8.83929e-05 -0.203798 0 0 -1e-07 0 0 -1.44549e-10 
157 5.01276e-05 -5.76979e-05 -0.230121 0 0 -1e-07 0 0 -1.4547e-10 
158 0.000801176 8.02733e-05 -0.291626 0 0 -1e-07 0 0 -1.4639e-10 
159 -0.000594218 -0.000132074 -0.318768 0 0 -1e-07 0 0 -1.47311e-10 
160 0.000465641 0.000399982 -0.289443 0 0 -1e-07 0 0 -1.48232e-10 
161 0.000363446 0.00026407 -0.380709 0 0 -1e-07 0 0 -1.49152e-10 
162 0.000104115 6.61783e-05 -0.23364 0 0 -1e-07 0 0 -1.50073e-10 
163 0.000226505 0.000295542 -0.359388 0 0 -1e-07 0 0 -1.50994e-10 
164 0.000104354 0.000715104 -0.273584 0 0 -1e-07 0 0 -1.51915e-10 
165 0.000185586 -0.000130477 -0.331665 0 0 -1e-07 0 0 -1.52835e-10 
166 0.000311198 0.00025223 -0.316 0 0 -1e-07 0 0 -1.53756e-10 
167 -0.000394817 0.000750159 -0.379974 0 0 -1e-07 0 0 -1.54677e-10 
168 -8.03841e-06 -0.000191217 -0.28143 0 0 -1e-07 0 0 -1.55597e-10 
169 -2.33469e-05 -4.59033e-06 -0.217177 0 0 -1e-07 0 0 -1.56518e-10 
170 -1.59855e-05 0.000335472 -0.346786 0 0 -1e-07 0 0 -1.57439e-10 
171 -0.000340909 0.000255474 -0.332539 0 0 -1e-07 0 0 -1.58359e-10 
172 0.000230041 -0.00018938 -0.310112 0 0 -1e-07 0 0 -1.5928e-10 
173 0.000116633 -0.00019109 -0.238931 0 0 -1e-07 0 0 -1.60201e-10 
174 0.000672859 -3.53437e-05 -0.24224 0 0 -1e-07 0 0 -1.61121e-10 
175 -0.000120748 -8.15476e-05 -0.274781 0 0 -1e-07 0 0 -1.62042e-10 
176 -0.000316658 -0.000218962 -0.29156 0 0 -1e-07 0 0 -1.62963e-10 
177 -2.0873e-05 -0.000104303 -0.2971 0 0 -1e-07 0 0 -1.63884e-10 
178 0.000221173 -0.000100459 -0.28136 0 0 -1e-07 0 0 -1.64804e-10 
179 -0.000366217 -0.000316276 -0.304753 0 0 -1e-07 0 0 -1.65725e-10 
180 2.12302e-05 -0.000150839 -0.189083 0 0 -1e-07 0 0 -1.66646e-10 
181 0.00010277 -0.000271451 -0.235862 0 0 -1e-07 0 0 -1.67566e-10 
182 0.000832211 -0.00103198 -0.526305 0 0 -1e-07 0 0 -1.68487e-10 
183 0.000116526 -0.000493368 -0.290058 0 0 -1e-07 0 0 -1.69408e-10 
184 0.000193347 -0.000361793 -0.380302 0 0 -1e-07 0 0 -1.70328e-10 
185 -0.000249714 -0.000123249 -0.233866 0 0 -1e-07 0 0 -1.71249e-10 
186 -7.17088e-05 0.000298531 -0.280785 0 0 -1e-07 0 0 -1.7217e-10 
187 -5.85865e-05 0.000313637 -0.479197 0 0 -1e-07 0 0 -1.7309e-10 
188 0.000386266 8.71608e-05 -0.250375 0 0 -1e-07 0 0 -1.74011e-10 
189 0.000215186 -0.000355509 -0.360598 0 0 -1e-07 0 0 -1.74932e-10 
190 -0.000219158 -8.8662e-05 -0.374027 0 0 -1e-07 0 0 -1.75853e-10 
191 0.000368612 5.92677e-05 -0.336205 0 0 -1e-07 0 0 -1.76773e-10 
192 0.000143951 -0.000216834 -0.423717 0 0 -1e-07 0 0 -1.77694e-10 
193 0.000480027 -2.79137e-05 -0.338793 0 0 -1e-07 0 0 -1.78615e-10 
194 0.000116472 0.000116521 -0.334415 0 0 -1e-07 0 0 -1.79535e-10 
195 1.6272e-05 0.00025229 -0.341842 0 0 -1e-07 0 0 -1.80456e-10 
196 -0.000213622 0.00021641 -0.186229 0 0 -1e-07 0 0 -1.81377e-10 
197 0.00017512 0.000640607 -0.305084 0 0 -1e-07 0 0 -1.82297e-10 
198 -0.000398137 0.000129646 -0.278706 0 0 -1e-07 0 0 -1.83218e-10 
199 -0.000637893 -0.000274204 -0.58981 0 0 -1e-07 0 0 -1.84139e-10 
200 -0.00105624 -0.000341818 -0.482768 0 0 -1e-07 0 0 -1.8506e-10 
