# step Fx Fy Fz Vx Vy Vz Dx Dy Dz 
0 0 0 0 0 0 -1e-07 0 0 -9.80105e-13 
1 0 0 0 0 0 -1e-07 0 0 -1.96021e-12 
2 0 0 0 0 0 -1e-07 0 0 -2.94031e-12 
3 0 0 0 0 0 -1e-07 0 0 -3.92042e-12 
4 0 0 0 0 0 -1e-07 0 0 -4.90052e-12 
5 0 0 0 0 0 -1e-07 0 0 -5.88063e-12 
6 0 0 0 0 0 -1e-07 0 0 -6.86073e-12 
7 0 0 0 0 0 -1e-07 0 0 -7.84084e-12 
8 0 0 0 0 0 -1e-07 0 0 -8.82094e-12 
9 0 0 0 0 0 -1e-07 0 0 -9.80105e-12 
10 0 0 0 0 0 -1e-07 0 0 -1.07812e-11 
11 0 0 0 0 0 -1e-07 0 0 -1.17613e-11 
12 0 0 0 0 0 -1e-07 0 0 -1.27414e-11 
13 0 0 0 0 0 -1e-07 0 0 -1.37215e-11 
14 0 0 0 0 0 -1e-07 0 0 -1.47016e-11 
15 0 0 0 0 0 -1e-07 0 0 -1.56817e-11 
16 0 0 0 0 0 -1e-07 0 0 -1.66618e-11 
17 0 0 0 0 0 -1e-07 0 0 -1.76419e-11 
18 0 0 0 0 0 -1e-07 0 0 -1.8622e-11 
19 0 0 0 0 0 -1e-07 0 0 -1.96021e-11 
20 0 0 0 0 0 -1e-07 0 0 -2.05822e-11 
21 0 0 0 0 0 -1e-07 0 0 -2.15623e-11 
22 0 0 0 0 0 -1e-07 0 0 -2.25424e-11 
23 0 0 0 0 0 -1e-07 0 0 -2.35225e-11 
24 0 0 0 0 0 -1e-07 0 0 -2.45026e-11 
25 0 0 0 0 0 -1e-07 0 0 -2.54827e-11 
26 0 0 0 0 0 -1e-07 0 0 -2.64628e-11 
27 2.78692e-11 4.70098e-11 -0.0250729 0 0 -1e-07 0 0 -2.74429e-11 
28 0 0 0 0 0 -1e-07 0 0 -2.8423e-11 
29 5.50565e-11 1.35245e-10 -0.0414442 0 0 -1e-07 0 0 -2.94031e-11 
30 6.59996e-11 -1.13759e-10 -0.0358054 0 0 -1e-07 0 0 -3.03833e-11 
31 0 0 0 0 0 -1e-07 0 0 -3.13634e-11 
32 2.30904e-11 -1.29772e-10 -0.0605368 0 0 -1e-07 0 0 -3.23435e-11 
33 2.14748e-10 -8.59325e-11 -0.0502928 0 0 -1e-07 0 0 -3.33236e-11 
34 -4.81352e-05 -2.22525e-05 -0.0584472 0 0 -1e-07 0 0 -3.43037e-11 
35 0 0 0 0 0 -1e-07 0 0 -3.52838e-11 
36 3.35989e-10 5.76485e-12 -0.0931904 0 0 -1e-07 0 0 -3.62639e-11 
37 -2.46322e-05 -0.000137148 -0.0173768 0 0 -1e-07 0 0 -3.7244e-11 
38 0.000112124 1.39512e-05 -0.0921983 0 0 -1e-07 0 0 -3.82241e-11 
39 1.96778e-05 -3.33594e-05 -0.0349487 0 0 -1e-07 0 0 -3.92042e-11 
40 -2.2336e-05 0.000195453 -0.136723 0 0 -1e-07 0 0 -4.01843e-11 
41 -0.000150121 -0.000113245 -0.138503 0 0 -1e-07 0 0 -4.11644e-11 
42 -1.5323e-05 -1.12129e-05 -0.0987046 0 0 -1e-07 0 0 -4.21445e-11 
43 -0.000194893 6.92784e-05 -0.153693 0 0 -1e-07 0 0 -4.31246e-11 
44 -0.00013622 -4.35622e-05 -0.272329 0 0 -1e-07 0 0 -4.41047e-11 
45 -0.000152979 -0.0001771 -0.0875958 0 0 -1e-07 0 0 -4.50848e-11 
46 9.2247e-05 -3.63981e-05 -0.118714 0 0 -1e-07 0 0 -4.60649e-11 
47 0.000181217 0.000331762 -0.191157 0 0 -1e-07 0 0 -4.7045e-11 
48 4.80298e-05 -7.74975e-05 -0.205316 0 0 -1e-07 0 0 -4.80251e-11 
49 0.000192916 -0.000189226 -0.146348 0 0 -1e-07 0 0 -4.90052e-11 
50 -4.13169e-05 6.04127e-05 -0.0801764 0 0 -1e-07 0 0 -4.99853e-11 
51 2.61095e-05 5.59809e-05 -0.224285 0 0 -1e-07 0 0 -5.09655e-11 
52 0.000105908 -0.000159825 -0.293098 0 0 -1e-07 0 0 -5.19456e-11 
53 0.000182454 -0.000233804 -0.305101 0 0 -1e-07 0 0 -5.29257e-11 
54 -0.000438087 -0.000186656 -0.205202 0 0 -1e-07 0 0 -5.39058e-11 
55 0.000243319 0.000202679 -0.295742 0 0 -1e-07 0 0 -5.48859e-11 
56 -0.000105283 -0.000140225 -0.273297 0 0 -1e-07 0 0 -5.5866e-11 
57 0.000692423 0.000377452 -0.226591 0 0 -1e-07 0 0 -5.68461e-11 
58 -3.69257e-05 -1.46017e-05 -0.240518 0 0 -1e-07 0 0 -5.78262e-11 
59 -6.8196e-05 0.000236528 -0.258422 0 0 -1e-07 0 0 -5.88063e-11 
60 -0.000327878 -0.000755933 -0.466361 0 0 -1e-07 0 0 -5.97864e-11 
61 -0.000785201 0.000325897 -0.474353 0 0 -1e-07 0 0 -6.07665e-11 
62 0.00148184 -0.000426447 -0.648452 0 0 -1e-07 0 0 -6.17466e-11 
63 0.000613071 0.00114801 -0.409974 0 0 -1e-07 0 0 -6.27267e-11 
64 -0.000308351 0.000351833 -0.286544 0 0 -1e-07 0 0 -6.37068e-11 
65 0.000175787 -2.68859e-05 -0.19257 0 0 -1e-07 0 0 -6.46869e-11 
66 0.00012254 0.000117238 -0.374666 0 0 -1e-07 0 0 -6.5667e-11 
67 -0.000151135 -0.000879814 -0.380712 0 0 -1e-07 0 0 -6.66471e-11 
68 0.000802899 0.00115425 -0.430614 0 0 -1e-07 0 0 -6.76272e-11 
69 -0.000599555 -0.000357035 -0.378571 0 0 -1e-07 0 0 -6.86073e-11 
70 -0.000668768 -0.000568998 -0.196422 0 0 -1e-07 0 0 -6.95874e-11 
71 -0.000428957 -0.00107013 -0.320971 0 0 -1e-07 0 0 -7.05676e-11 
72 -0.00054184 -0.000659759 -0.760036 0 0 -1e-07 0 0 -7.15477e-11 
73 -1.02411e-05 0.00102554 -0.359004 0 0 -1e-07 0 0 -7.25278e-11 
74 0.00149814 -0.000559328 -0.449885 0 0 -1e-07 0 0 -7.35079e-11 
75 6.89676e-05 -0.000926906 -0.531581 0 0 -1e-07 0 0 -7.4488e-11 
76 -0.00135467 -0.00102068 -0.323956 0 0 -1e-07 0 0 -7.54681e-11 
77 -0.000855825 0.00108813 -0.2725 0 0 -1e-07 0 0 -7.64482e-11 
78 -3.34496e-05 0.000209271 -0.507511 0 0 -1e-07 0 0 -7.74283e-11 
79 -0.000522364 -0.000168718 -0.413231 0 0 -1e-07 0 0 -7.84084e-11 
80 -0.000419477 0.000379828 -0.610921 0 0 -1e-07 0 0 -7.93885e-11 
81 0.00148836 0.00279796 -0.515525 0 0 -1e-07 0 0 -8.03686e-11 
82 -0.000392292 -0.000482385 -0.514991 0 0 -1e-07 0 0 -8.13487e-11 
83 -0.000641068 0.000447061 -0.398273 0 0 -1e-07 0 0 -8.23288e-11 
84 -0.000867491 0.000470306 -0.367214 0 0 -1e-07 0 0 -8.33089e-11 
85 2.98525e-05 -0.000268079 -0.301432 0 0 -1e-07 0 0 -8.4289e-11 
86 0.00123006 0.000875232 -0.570216 0 0 -1e-07 0 0 -8.52691e-11 
87 0.000151231 -0.00101339 -0.396196 0 0 -1e-07 0 0 -8.62492e-11 
88 -0.000123864 -0.000369904 -0.539991 0 0 -1e-07 0 0 -8.72293e-11 
89 0.00127127 0.000800776 -0.49183 0 0 -1e-07 0 0 -8.82094e-11 
90 0.000653385 -0.000756544 -0.312554 0 0 -1e-07 0 0 -8.91895e-11 
91 -0.00116088 -0.000870433 -0.43638 0 0 -1e-07 0 0 -9.01696e-11 
92 -0.00127295 -0.00163353 -0.351399 0 0 -1e-07 0 0 -9.11498e-11 
93 -0.000834134 -0.000446185 -0.217652 0 0 -1e-07 0 0 -9.21299e-11 
94 0.000787956 0.000229906 -0.399381 0 0 -1e-07 0 0 -9.311e-11 
95 -0.000882655 -0.00219372 -0.556871 0 0 -1e-07 0 0 -9.40901e-11 
96 0.000239045 0.000270653 -0.415594 0 0 -1e-07 0 0 -9.50702e-11 
97 0.00195546 0.000659934 -0.589588 0 0 -1e-07 0 0 -9.60503e-11 
98 2.64771e-05 -0.00115627 -0.453285 0 0 -1e-07 0 0 -9.70304e-11 
99 -0.00220779 0.000283266 -0.602153 0 0 -1e-07 0 0 -9.80105e-11 
100 -0.00258248 -0.000246403 -0.402494 0 0 -1e-07 0 0 -9.89906e-11 
101 -0.00108336 0.00337703 -0.573574 0 0 -1e-07 0 0 -9.99707e-11 
102 0.000483643 0.000648059 -0.476245 0 0 -1e-07 0 0 -1.00951e-10 
103 0.000382051 -0.000273659 -0.476315 0 0 -1e-07 0 0 -1.01931e-10 
104 0.000858788 -0.00299287 -0.309887 0 0 -1e-07 0 0 -1.02911e-10 
105 0.00129076 -0.00220123 -0.621581 0 0 -1e-07 0 0 -1.03891e-10 
106 0.00253086 0.00397781 -0.595554 0 0 -1e-07 0 0 -1.04871e-10 
107 0.000347687 0.000497713 -0.412221 0 0 -1e-07 0 0 -1.05851e-10 
108 2.40402e-05 -7.93438e-05 -0.304053 0 0 -1e-07 0 0 -1.06831e-10 
109 0.000486024 -0.00195551 -0.410228 0 0 -1e-07 0 0 -1.07812e-10 
110 0.000291809 -0.00160163 -0.307946 0 0 -1e-07 0 0 -1.08792e-10 
111 -0.000116961 0.00135664 -0.276546 0 0 -1e-07 0 0 -1.09772e-10 
112 -0.000737798 -0.000207674 -0.32622 0 0 -1e-07 0 0 -1.10752e-10 
113 -0.00179279 -0.000829947 -0.482822 0 0 -1e-07 0 0 -1.11732e-10 
114 0.000110843 0.00235398 -0.756918 0 0 -1e-07 0 0 -1.12712e-10 
115 0.00118461 0.000470402 -0.283679 0 0 -1e-07 0 0 -1.13692e-10 
116 -0.000608911 -0.000220935 -0.44486 0 0 -1e-07 0 0 -1.14672e-10 
117 0.00151549 -0.000310666 -0.390058 0 0 -1e-07 0 0 -1.15652e-10 
118 0.00104535 -0.000839566 -0.483793 0 0 -1e-07 0 0 -1.16632e-10 
119 0.00111257 0.000876781 -0.476452 0 0 -1e-07 0 0 -1.17613e-10 
120 0.000893796 -0.000780184 -0.291288 0 0 -1e-07 0 0 -1.18593e-10 
121 0.000744523 -0.00132429 -0.468503 0 0 -1e-07 0 0 -1.19573e-10 
122 -0.00134989 -0.0047995 -0.522255 0 0 -1e-07 0 0 -1.20553e-10 
123 0.00100919 0.000270696 -0.641418 0 0 -1e-07 0 0 -1.21533e-10 
124 0.00106387 0.00139251 -0.436413 0 0 -1e-07 0 0 -1.22513e-10 
125 0.00126096 0.000198863 -0.335799 0 0 -1e-07 0 0 -1.23493e-10 
126 -1.14667e-05 0.00136819 -0.289439 0 0 -1e-07 0 0 -1.24473e-10 
127 -0.00054708 -0.000864503 -0.293378 0 0 -1e-07 0 0 -1.25453e-10 
128 0.000292363 -0.00135657 -0.420286 0 0 -1e-07 0 0 -1.26434e-10 
129 -0.00284066 -0.000742489 -0.565662 0 0 -1e-07 0 0 -1.27414e-10 
130 0.00129077 -0.000602878 -0.577547 0 0 -1e-07 0 0 -1.28394e-10 
131 0.000302171 0.00162119 -0.63137 0 0 -1e-07 0 0 -1.29374e-10 
132 -0.000806094 0.00060199 -0.466682 0 0 -1e-07 0 0 -1.30354e-10 
133 0.000733895 -0.000775158 -0.305549 0 0 -1e-07 0 0 -1.31334e-10 
134 -0.000773098 -0.000154728 -0.354623 0 0 -1e-07 0 0 -1.32314e-10 
135 -0.000118655 -0.00040077 -0.403725 0 0 -1e-07 0 0 -1.33294e-10 
136 0.0006884 -0.00148643 -0.342924 0 0 -1e-07 0 0 -1.34274e-10 
137 -0.00257556 -0.00192204 -0.714689 0 0 -1e-07 0 0 -1.35254e-10 
138 -0.00139306 -0.00151577 -0.307196 0 0 -1e-07 0 0 -1.36235e-10 
139 0.000462307 0.000494545 -0.520769 0 0 -1e-07 0 0 -1.37215e-10 
140 0.00329877 0.00243743 -0.541675 0 0 -1e-07 0 0 -1.38195e-10 
141 0.00142134 0.000796366 -0.39316 0 0 -1e-07 0 0 -1.39175e-10 
142 -0.000750999 -0.00126924 -0.316618 0 0 -1e-07 0 0 -1.40155e-10 
143 -0.000369499 0.000823137 -0.670081 0 0 -1e-07 0 0 -1.41135e-10 
144 -0.000603441 -0.000311644 -0.640313 0 0 -1e-07 0 0 -1.42115e-10 
145 -0.00157907 -0.000229038 -0.601138 0 0 -1e-07 0 0 -1.43095e-10 
146 -0.000330232 7.4786e-05 -0.586664 0 0 -1e-07 0 0 -1.44075e-10 
147 0.000116149 0.000242126 -0.180591 0 0 -1e-07 0 0 -1.45056e-10 
148 -0.000250595 0.00130944 -0.424064 0 0 -1e-07 0 0 -1.46036e-10 
149 -0.00240906 0.00056347 -0.61469 0 0 -1e-07 0 0 -1.47016e-10 
150 -0.00053697 0.000334293 -0.313488 0 0 -1e-07 0 0 -1.47996e-10 
151 -0.000389558 1.92581e-05 -0.300887 0 0 -1e-07 0 0 -1.48976e-10 
152 -0.00289846 -0.00257118 -0.511939 0 0 -1e-07 0 0 -1.49956e-10 
153 -0.00058137 -9.7482e-05 -0.34632 0 0 -1e-07 0 0 -1.50936e-10 
154 0.00142723 -0.00223605 -0.529839 0 0 -1e-07 0 0 -1.51916e-10 
155 -0.00119718 -0.000458988 -0.409796 0 0 -1e-07 0 0 -1.52896e-10 
156 0.00111183 0.00115007 -0.491891 0 0 -1e-07 0 0 -1.53876e-10 
157 0.0013755 -0.00026493 -0.391294 0 0 -1e-07 0 0 -1.54857e-10 
158 -0.00022081 -0.00060021 -0.252726 0 0 -1e-07 0 0 -1.55837e-10 
159 -0.00342956 0.000912702 -0.558173 0 0 -1e-07 0 0 -1.56817e-10 
160 0.00122221 -0.00012756 -0.426271 0 0 -1e-07 0 0 -1.57797e-10 
161 0.0001941 -0.00259882 -0.380254 0 0 -1e-07 0 0 -1.58777e-10 
162 0.00137232 -0.00244494 -0.544759 0 0 -1e-07 0 0 -1.59757e-10 
163 -0.0014692 0.000818669 -0.564248 0 0 -1e-07 0 0 -1.60737e-10 
164 -0.00167903 0.00104127 -0.621659 0 0 -1e-07 0 0 -1.61717e-10 
165 0.00109849 -0.000141833 -0.610151 0 0 -1e-07 0 0 -1.62697e-10 
166 0.00302409 -0.000189853 -0.682361 0 0 -1e-07 0 0 -1.63678e-10 
167 -0.00314363 -0.00229765 -0.546755 0 0 -1e-07 0 0 -1.64658e-10 
168 0.000604276 0.00044161 -0.270375 0 0 -1e-07 0 0 -1.65638e-10 
169 0.000117758 -0.000221937 -0.32665 0 0 -1e-07 0 0 -1.66618e-10 
170 -0.0011222 -0.000428628 -0.304902 0 0 -1e-07 0 0 -1.67598e-10 
171 0.000219833 0.000132606 -0.281225 0 0 -1e-07 0 0 -1.68578e-10 
172 -0.000612511 0.000368081 -0.632272 0 0 -1e-07 0 0 -1.69558e-10 
173 0.000585483 0.000339513 -0.608724 0 0 -1e-07 0 0 -1.70538e-10 
174 0.00323693 -0.00151557 -0.518335 0 0 -1e-07 0 0 -1.71518e-10 
175 -0.00224339 -0.00361528 -0.649746 0 0 -1e-07 0 0 -1.72498e-10 
176 -0.000128171 -0.00138305 -0.403643 0 0 -1e-07 0 0 -1.73479e-10 
177 -0.000711159 -0.000873797 -0.307278 0 0 -1e-07 0 0 -1.74459e-10 
178 -0.000570941 -1.89454e-06 -0.402784 0 0 -1e-07 0 0 -1.75439e-10 
179 -0.000207335 -0.000488195 -0.277546 0 0 -1e-07 0 0 -1.76419e-10 
180 -0.00261594 -0.00200048 -0.737631 0 0 -1e-07 0 0 -1.77399e-10 
181 0.000367299 -0.00100222 -0.36987 0 0 -1e-07 0 0 -1.78379e-10 
182 0.00291377 0.00033235 -0.447573 0 0 -1e-07 0 0 -1.79359e-10 
183 0.00258125 -0.00110353 -0.508167 0 0 -1e-07 0 0 -1.80339e-10 
184 0.000196466 -0.000258645 -0.433849 0 0 -1e-07 0 0 -1.81319e-10 
185 0.000286445 0.000991421 -0.408962 0 0 -1e-07 0 0 -1.823e-10 
186 0.00098967 0.000508071 -0.41397 0 0 -1e-07 0 0 -1.8328e-10 
187 0.00117663 5.65695e-05 -0.361628 0 0 -1e-07 0 0 -1.8426e-10 
188 -0.00128607 -0.000745673 -0.639646 0 0 -1e-07 0 0 -1.8524e-10 
189 -0.000573818 8.37711e-05 -0.61897 0 0 -1e-07 0 0 -1.8622e-10 
190 -0.000845839 -0.00153072 -0.664847 0 0 -1e-07 0 0 -1.872e-10 
191 0.00107444 -0.000753386 -0.340811 0 0 -1e-07 0 0 -1.8818e-10 
192 0.00235443 -0.000366582 -0.529812 0 0 -1e-07 0 0 -1.8916e-10 
193 -0.000506096 0.00129036 -0.358499 0 0 -1e-07 0 0 -1.9014e-10 
194 0.000699539 -0.0025921 -0.588291 0 0 -1e-07 0 0 -1.9112e-10 
195 0.00134496 -5.6264e-05 -0.49103 0 0 -1e-07 0 0 -1.92101e-10 
196 -0.000657884 0.0022695 -0.641805 0 0 -1e-07 0 0 -1.93081e-10 
197 -0.00395053 -0.00195159 -0.549688 0 0 -1e-07 0 0 -1.94061e-10 
198 0.00219072 -0.000102702 -0.372017 0 0 -1e-07 0 0 -1.95041e-10 
199 0.00114357 -0.00135268 -0.535745 0 0 -1e-07 0 0 -1.96021e-10 
200 0.000260807 -0.00359346 -0.473513 0 0 -1e-07 0 0 -1.97001e-10 
