# step Fx Fy Fz Vx Vy Vz Dx Dy Dz 
0 0 0 0 0 0 -1e-07 0 0 -1.18799e-12 
1 0 0 0 0 0 -1e-07 0 0 -2.37599e-12 
2 0 0 0 0 0 -1e-07 0 0 -3.56398e-12 
3 0 0 0 0 0 -1e-07 0 0 -4.75198e-12 
4 0 0 0 0 0 -1e-07 0 0 -5.93997e-12 
5 0 0 0 0 0 -1e-07 0 0 -7.12796e-12 
6 0 0 0 0 0 -1e-07 0 0 -8.31596e-12 
7 0 0 0 0 0 -1e-07 0 0 -9.50395e-12 
8 0 0 0 0 0 -1e-07 0 0 -1.06919e-11 
9 0 0 0 0 0 -1e-07 0 0 -1.18799e-11 
10 0 0 0 0 0 -1e-07 0 0 -1.30679e-11 
11 0 0 0 0 0 -1e-07 0 0 -1.42559e-11 
12 0 0 0 0 0 -1e-07 0 0 -1.54439e-11 
13 0 0 0 0 0 -1e-07 0 0 -1.66319e-11 
14 0 0 0 0 0 -1e-07 0 0 -1.78199e-11 
15 0 0 0 0 0 -1e-07 0 0 -1.90079e-11 
16 0 0 0 0 0 -1e-07 0 0 -2.01959e-11 
17 0 0 0 0 0 -1e-07 0 0 -2.13839e-11 
18 0 0 0 0 0 -1e-07 0 0 -2.25719e-11 
19 0 0 0 0 0 -1e-07 0 0 -2.37599e-11 
20 0 0 0 0 0 -1e-07 0 0 -2.49479e-11 
21 0 0 0 0 0 -1e-07 0 0 -2.61359e-11 
22 0 0 0 0 0 -1e-07 0 0 -2.73239e-11 
23 -3.13135e-11 1.59787e-12 -0.0176043 0 0 -1e-07 0 0 -2.85119e-11 
24 6.84792e-12 -1.00987e-10 -0.0282701 0 0 -1e-07 0 0 -2.96999e-11 
25 -3.95317e-11 -7.85648e-11 -0.0245933 0 0 -1e-07 0 0 -3.08878e-11 
26 -9.52335e-12 1.75549e-11 -0.0153909 0 0 -1e-07 0 0 -3.20758e-11 
27 9.98251e-11 -7.17365e-12 -0.0600334 0 0 -1e-07 0 0 -3.32638e-11 
28 3.90485e-11 -4.409e-11 -0.0255993 0 0 -1e-07 0 0 -3.44518e-11 
29 3.67168e-05 4.95954e-05 -0.0156335 0 0 -1e-07 0 0 -3.56398e-11 
30 6.23349e-11 6.68469e-11 -0.0640089 0 0 -1e-07 0 0 -3.68278e-11 
31 -2.40524e-11 -3.24772e-11 -0.0335348 0 0 -1e-07 0 0 -3.80158e-11 
32 -8.02485e-06 -0.000110266 -0.0569011 0 0 -1e-07 0 0 -3.92038e-11 
33 1.3838e-05 -7.31458e-05 -0.0856277 0 0 -1e-07 0 0 -4.03918e-11 
34 -9.38398e-06 -4.81647e-06 -0.106382 0 0 -1e-07 0 0 -4.15798e-11 
35 -0.000151112 -0.000138291 -0.0602953 0 0 -1e-07 0 0 -4.27678e-11 
36 -8.30443e-06 0.000368221 -0.164146 0 0 -1e-07 0 0 -4.39558e-11 
37 -0.000317142 -0.00022428 -0.144468 0 0 -1e-07 0 0 -4.51438e-11 
38 5.35922e-05 -0.000205094 -0.0537463 0 0 -1e-07 0 0 -4.63318e-11 
39 4.77343e-06 -0.000287637 -0.190515 0 0 -1e-07 0 0 -4.75198e-11 
40 2.0611e-05 0.000245402 -0.0876926 0 0 -1e-07 0 0 -4.87078e-11 
41 -1.47925e-05 -1.1031e-05 -0.11094 0 0 -1e-07 0 0 -4.98958e-11 
42 0.000218103 0.000161793 -0.314981 0 0 -1e-07 0 0 -5.10837e-11 
43 -6.52276e-05 -0.000344305 -0.157906 0 0 -1e-07 0 0 -5.22717e-11 
44 -0.000133848 -0.000181307 -0.105426 0 0 -1e-07 0 0 -5.34597e-11 
45 -8.63252e-05 -0.000121735 -0.129392 0 0 -1e-07 0 0 -5.46477e-11 
46 -0.00085963 0.000425976 -0.195982 0 0 -1e-07 0 0 -5.58357e-11 
47 -0.000236251 -0.000331246 -0.243018 0 0 -1e-07 0 0 -5.70237e-11 
48 -0.000376401 0.000931721 -0.359676 0 0 -1e-07 0 0 -5.82117e-11 
49 -4.9594e-05 2.15533e-06 -0.34044 0 0 -1e-07 0 0 -5.93997e-11 
50 0.00067407 0.000368941 -0.332349 0 0 -1e-07 0 0 -6.05877e-11 
51 5.95397e-05 -1.32981e-05 -0.249852 0 0 -1e-07 0 0 -6.17757e-11 
52 -0.000223605 -0.000710311 -0.246692 0 0 -1e-07 0 0 -6.29637e-11 
53 -0.000400927 -0.000855832 -0.238923 0 0 -1e-07 0 0 -6.41517e-11 
54 7.12991e-05 -0.00108836 -0.231018 0 0 -1e-07 0 0 -6.53397e-11 
55 -0.000508881 -0.00016516 -0.289203 0 0 -1e-07 0 0 -6.65277e-11 
56 0.000115612 -0.000461753 -0.295743 0 0 -1e-07 0 0 -6.77157e-11 
57 -0.000421437 9.47048e-05 -0.332417 0 0 -1e-07 0 0 -6.89037e-11 
58 0.000140539 0.000155151 -0.560762 0 0 -1e-07 0 0 -7.00917e-11 
59 0.000385473 0.000331038 -0.381043 0 0 -1e-07 0 0 -7.12796e-11 
60 0.000340111 -0.000944418 -0.255202 0 0 -1e-07 0 0 -7.24676e-11 
61 -0.000736968 -0.000862427 -0.31767 0 0 -1e-07 0 0 -7.36556e-11 
62 -1.15341e-05 0.000384094 -0.374931 0 0 -1e-07 0 0 -7.48436e-11 
63 7.00442e-05 0.000908656 -0.277364 0 0 -1e-07 0 0 -7.60316e-11 
64 0.0014431 -0.00051342 -0.357775 0 0 -1e-07 0 0 -7.72196e-11 
65 -0.000582798 -0.000166565 -0.479401 0 0 -1e-07 0 0 -7.84076e-11 
66 0.000801055 1.67493e-05 -0.361107 0 0 -1e-07 0 0 -7.95956e-11 
67 0.000647157 -0.000445853 -0.324469 0 0 -1e-07 0 0 -8.07836e-11 
68 3.37811e-05 -0.000721954 -0.31355 0 0 -1e-07 0 0 -8.19716e-11 
69 -0.000825548 -0.000945309 -0.286039 0 0 -1e-07 0 0 -8.31596e-11 
70 0.000166043 0.00108367 -0.280103 0 0 -1e-07 0 0 -8.43476e-11 
71 2.77409e-05 -0.000686002 -0.342458 0 0 -1e-07 0 0 -8.55356e-11 
72 -4.10713e-05 0.000246301 -0.218976 0 0 -1e-07 0 0 -8.67236e-11 
73 -0.00139105 -0.00117613 -0.302312 0 0 -1e-07 0 0 -8.79116e-11 
74 -0.000549686 0.000202959 -0.302587 0 0 -1e-07 0 0 -8.90996e-11 
75 -0.000373239 -0.00155378 -0.442184 0 0 -1e-07 0 0 -9.02876e-11 
76 -0.000986964 -0.000994241 -0.471257 0 0 -1e-07 0 0 -9.14755e-11 
77 0.000782396 -0.00132324 -0.371512 0 0 -1e-07 0 0 -9.26635e-11 
78 -0.00126238 -0.000107517 -0.432404 0 0 -1e-07 0 0 -9.38515e-11 
79 -8.25206e-05 4.79731e-05 -0.195012 0 0 -1e-07 0 0 -9.50395e-11 
80 0.000723112 -0.00160122 -0.326837 0 0 -1e-07 0 0 -9.62275e-11 
81 -0.00101502 -0.000641958 -0.41975 0 0 -1e-07 0 0 -9.74155e-11 
82 0.000480598 -0.00104013 -0.409657 0 0 -1e-07 0 0 -9.86035e-11 
83 0.00109062 0.000129216 -0.420004 0 0 -1e-07 0 0 -9.97915e-11 
84 -0.0011423 0.000365009 -0.322039 0 0 -1e-07 0 0 -1.0098e-10 
85 -5.08593e-05 -0.00012702 -0.251923 0 0 -1e-07 0 0 -1.02167e-10 
86 -0.000267885 -0.0005302 -0.353502 0 0 -1e-07 0 0 -1.03355e-10 
87 0.00125502 -0.000360285 -0.344028 0 0 -1e-07 0 0 -1.04543e-10 
88 -0.000300767 -0.000515058 -0.324747 0 0 -1e-07 0 0 -1.05731e-10 
89 -0.000207269 -1.05667e-05 -0.176541 0 0 -1e-07 0 0 -1.06919e-10 
90 0.00127587 -0.00103095 -0.370289 0 0 -1e-07 0 0 -1.08107e-10 
91 -0.00178325 -0.000474211 -0.545719 0 0 -1e-07 0 0 -1.09295e-10 
92 -0.00116352 -0.000298702 -0.315612 0 0 -1e-07 0 0 -1.10483e-10 
93 -0.00101571 -0.000422937 -0.290395 0 0 -1e-07 0 0 -1.11671e-10 
94 0.000558507 -0.0015254 -0.518837 0 0 -1e-07 0 0 -1.12859e-10 
95 0.000494889 0.000152763 -0.236287 0 0 -1e-07 0 0 -1.14047e-10 
96 0.000818805 0.000303769 -0.246638 0 0 -1e-07 0 0 -1.15235e-10 
97 0.00145328 -0.00225791 -0.43016 0 0 -1e-07 0 0 -1.16423e-10 
98 0.000985032 0.00061235 -0.355626 0 0 -1e-07 0 0 -1.17611e-10 
99 -2.64192e-05 -0.000877294 -0.150968 0 0 -1e-07 0 0 -1.18799e-10 
100 0.000741404 -0.00140392 -0.556132 0 0 -1e-07 0 0 -1.19987e-10 
101 -0.000280718 -0.00024571 -0.336707 0 0 -1e-07 0 0 -1.21175e-10 
102 0.00041606 0.000547376 -0.190431 0 0 -1e-07 0 0 -1.22363e-10 
103 -1.95122e-05 2.5385e-05 -0.329615 0 0 -1e-07 0 0 -1.23551e-10 
104 -0.000918763 0.000123688 -0.36143 0 0 -1e-07 0 0 -1.24739e-10 
105 -0.000619955 0.000883062 -0.300591 0 0 -1e-07 0 0 -1.25927e-10 
106 0.0006334 0.000398564 -0.40881 0 0 -1e-07 0 0 -1.27115e-10 
107 5.6611e-05 0.000834013 -0.490277 0 0 -1e-07 0 0 -1.28303e-10 
108 -0.00102738 -0.000549712 -0.471334 0 0 -1e-07 0 0 -1.29491e-10 
109 -0.000446879 -0.000462475 -0.287581 0 0 -1e-07 0 0 -1.30679e-10 
110 0.000214417 -0.000797712 -0.227451 0 0 -1e-07 0 0 -1.31867e-10 
111 0.000775594 0.000433723 -0.312121 0 0 -1e-07 0 0 -1.33055e-10 
112 -0.000583044 -0.000476353 -0.54667 0 0 -1e-07 0 0 -1.34243e-10 
113 -0.000492523 0.000553456 -0.270358 0 0 -1e-07 0 0 -1.35431e-10 
114 -0.000708354 7.30407e-05 -0.219779 0 0 -1e-07 0 0 -1.36619e-10 
115 -0.000977565 -0.000365479 -0.405229 0 0 -1e-07 0 0 -1.37807e-10 
116 -0.000925615 -0.00259405 -0.373222 0 0 -1e-07 0 0 -1.38995e-10 
117 0.000135328 -0.000764312 -0.375765 0 0 -1e-07 0 0 -1.40183e-10 
118 -0.000958217 -0.00022228 -0.307864 0 0 -1e-07 0 0 -1.41371e-10 
119 0.0012639 -0.000955865 -0.378111 0 0 -1e-07 0 0 -1.42559e-10 
120 0.000341746 -0.000753201 -0.308905 0 0 -1e-07 0 0 -1.43747e-10 
121 0.00119145 0.000163981 -0.355342 0 0 -1e-07 0 0 -1.44935e-10 
122 -0.000375237 -1.56491e-05 -0.336395 0 0 -1e-07 0 0 -1.46123e-10 
123 -0.000830828 0.00010066 -0.48331 0 0 -1e-07 0 0 -1.47311e-10 
124 0.000256225 -0.00107797 -0.273025 0 0 -1e-07 0 0 -1.48499e-10 
125 -7.90248e-05 -0.00166687 -0.460203 0 0 -1e-07 0 0 -1.49687e-10 
126 -7.1768e-05 0.000543586 -0.291201 0 0 -1e-07 0 0 -1.50875e-10 
127 -0.00207742 -0.000574454 -0.461985 0 0 -1e-07 0 0 -1.52063e-10 
128 -4.84498e-05 -0.000647381 -0.393488 0 0 -1e-07 0 0 -1.53251e-10 
129 0.000973036 -0.00137919 -0.368293 0 0 -1e-07 0 0 -1.54439e-10 
130 4.65724e-06 -0.00068138 -0.3777 0 0 -1e-07 0 0 -1.55627e-10 
131 0.0022473 -0.000391617 -0.386374 0 0 -1e-07 0 0 -1.56815e-10 
132 0.000653808 -0.000867128 -0.366173 0 0 -1e-07 0 0 -1.58003e-10 
133 0.00100378 0.000600801 -0.275005 0 0 -1e-07 0 0 -1.59191e-10 
134 2.05955e-05 -0.00100128 -0.273256 0 0 -1e-07 0 0 -1.60379e-10 
135 0.000538303 6.27552e-05 -0.260783 0 0 -1e-07 0 0 -1.61567e-10 
136 -0.000459377 0.000764041 -0.232175 0 0 -1e-07 0 0 -1.62755e-10 
137 7.02451e-05 -0.000416781 -0.293369 0 0 -1e-07 0 0 -1.63943e-10 
138 -0.00112566 -0.000833818 -0.443012 0 0 -1e-07 0 0 -1.65131e-10 
139 -7.98171e-05 0.0016228 -0.333779 0 0 -1e-07 0 0 -1.66319e-10 
140 0.00253315 -0.000104792 -0.364172 0 0 -1e-07 0 0 -1.67507e-10 
141 0.00123915 -0.000270025 -0.431166 0 0 -1e-07 0 0 -1.68695e-10 
142 -0.00391031 -0.00292429 -0.484121 0 0 -1e-07 0 0 -1.69883e-10 
143 0.000899375 0.000931236 -0.321157 0 0 -1e-07 0 0 -1.71071e-10 
144 -0.001101 2.0534e-05 -0.287503 0 0 -1e-07 0 0 -1.72259e-10 
145 0.000283862 -0.000593984 -0.226649 0 0 -1e-07 0 0 -1.73447e-10 
146 -0.00167721 -0.00222507 -0.44744 0 0 -1e-07 0 0 -1.74635e-10 
147 0.00145397 0.000168585 -0.373567 0 0 -1e-07 0 0 -1.75823e-10 
148 0.0013041 -0.00122455 -0.222364 0 0 -1e-07 0 0 -1.77011e-10 
149 0.000586884 -3.34285e-05 -0.43908 0 0 -1e-07 0 0 -1.78199e-10 
150 0.000266318 0.000825512 -0.383384 0 0 -1e-07 0 0 -1.79387e-10 
151 0.00056242 0.00117074 -0.407469 0 0 -1e-07 0 0 -1.80575e-10 
152 -0.00103247 -0.0018656 -0.377475 0 0 -1e-07 0 0 -1.81763e-10 
153 -0.000459925 8.41057e-05 -0.394402 0 0 -1e-07 0 0 -1.82951e-10 
154 -0.000906304 0.00103663 -0.278277 0 0 -1e-07 0 0 -1.84139e-10 
155 -0.000506699 -7.82258e-05 -0.427852 0 0 -1e-07 0 0 -1.85327e-10 
156 0.000479159 -0.0014996 -0.339286 0 0 -1e-07 0 0 -1.86515e-10 
157 0.000715052 0.00147258 -0.392258 0 0 -1e-07 0 0 -1.87703e-10 
158 -0.000708725 -6.5427e-05 -0.338425 0 0 -1e-07 0 0 -1.88891e-10 
159 -0.000237547 0.00173158 -0.366399 0 0 -1e-07 0 0 -1.90079e-10 
160 0.000542117 2.9663e-05 -0.418752 0 0 -1e-07 0 0 -1.91267e-10 
161 -0.000120193 -0.000579325 -0.376521 0 0 -1e-07 0 0 -1.92455e-10 
162 0.000839941 -0.000791234 -0.368585 0 0 -1e-07 0 0 -1.93643e-10 
163 -0.000611035 -0.0011422 -0.424114 0 0 -1e-07 0 0 -1.94831e-10 
164 0.000476926 -0.000198042 -0.312491 0 0 -1e-07 0 0 -1.96019e-10 
165 6.9724e-05 -0.0004802 -0.439455 0 0 -1e-07 0 0 -1.97207e-10 
166 0.000108432 -0.00301149 -0.326307 0 0 -1e-07 0 0 -1.98395e-10 
167 0.000290361 4.82565e-05 -0.3884 0 0 -1e-07 0 0 -1.99583e-10 
168 7.14403e-05 0.000678762 -0.429077 0 0 -1e-07 0 0 -2.00771e-10 
169 -0.000892209 0.00102718 -0.390749 0 0 -1e-07 0 0 -2.01959e-10 
170 -0.000990332 -0.00197992 -0.276661 0 0 -1e-07 0 0 -2.03147e-10 
171 -0.000523704 -0.0008845 -0.299585 0 0 -1e-07 0 0 -2.04335e-10 
172 0.000362749 -0.000351317 -0.346328 0 0 -1e-07 0 0 -2.05523e-10 
173 -0.000939751 0.000175386 -0.199858 0 0 -1e-07 0 0 -2.06711e-10 
174 -0.000709291 -0.00174261 -0.451321 0 0 -1e-07 0 0 -2.07899e-10 
175 0.000840199 -0.000531583 -0.467395 0 0 -1e-07 0 0 -2.09087e-10 
176 -0.000307884 -0.00043394 -0.557083 0 0 -1e-07 0 0 -2.10275e-10 
177 -0.00328919 -0.000546235 -0.358146 0 0 -1e-07 0 0 -2.11463e-10 
178 -0.0014752 0.00132544 -0.300558 0 0 -1e-07 0 0 -2.12651e-10 
179 -0.000610486 -0.00110312 -0.427583 0 0 -1e-07 0 0 -2.13839e-10 
180 -0.000947635 -0.00190235 -0.511373 0 0 -1e-07 0 0 -2.15027e-10 
181 0.000538509 -0.000296321 -0.320481 0 0 -1e-07 0 0 -2.16215e-10 
182 -0.0012866 0.000999593 -0.435377 0 0 -1e-07 0 0 -2.17403e-10 
183 -0.000437382 -0.000756043 -0.33145 0 0 -1e-07 0 0 -2.18591e-10 
184 -0.000769596 -0.00077208 -0.427106 0 0 -1e-07 0 0 -2.19779e-10 
185 -0.000670491 0.000514114 -0.286375 0 0 -1e-07 0 0 -2.20967e-10 
186 -8.52279e-05 0.000158909 -0.237421 0 0 -1e-07 0 0 -2.22155e-10 
187 -0.00134189 0.000232154 -0.335387 0 0 -1e-07 0 0 -2.23343e-10 
188 -0.000666255 -0.00118581 -0.340872 0 0 -1e-07 0 0 -2.24531e-10 
189 0.000770583 -0.000953052 -0.395256 0 0 -1e-07 0 0 -2.25719e-10 
190 -0.000822428 0.000119097 -0.399014 0 0 -1e-07 0 0 -2.26907e-10 
191 -0.00138872 -0.000702965 -0.454314 0 0 -1e-07 0 0 -2.28095e-10 
192 -0.000477911 -0.000633821 -0.447441 0 0 -1e-07 0 0 -2.29283e-10 
193 -0.000602072 0.000393107 -0.505537 0 0 -1e-07 0 0 -2.30471e-10 
194 0.00075318 0.00108294 -0.436018 0 0 -1e-07 0 0 -2.31659e-10 
195 0.000745041 0.000520398 -0.414466 0 0 -1e-07 0 0 -2.32847e-10 
196 -0.000683011 0.00115338 -0.380092 0 0 -1e-07 0 0 -2.34035e-10 
197 -0.000909827 0.000556079 -0.400652 0 0 -1e-07 0 0 -2.35223e-10 
198 0.00193898 -0.00110671 -0.397601 0 0 -1e-07 0 0 -2.36411e-10 
199 -0.000645027 -0.000720539 -0.324992 0 0 -1e-07 0 0 -2.37599e-10 
200 -0.000292699 -0.00129059 -0.374347 0 0 -1e-07 0 0 -2.38787e-10 
