# step Fx Fy Fz Vx Vy Vz Dx Dy Dz 
0 0 0 0 0 0 -1e-07 0 0 -1.18799e-12 
1 0 0 0 0 0 -1e-07 0 0 -2.37599e-12 
2 0 0 0 0 0 -1e-07 0 0 -3.56398e-12 
3 0 0 0 0 0 -1e-07 0 0 -4.75198e-12 
4 0 0 0 0 0 -1e-07 0 0 -5.93997e-12 
5 0 0 0 0 0 -1e-07 0 0 -7.12796e-12 
6 0 0 0 0 0 -1e-07 0 0 -8.31596e-12 
7 0 0 0 0 0 -1e-07 0 0 -9.50395e-12 
8 0 0 0 0 0 -1e-07 0 0 -1.06919e-11 
9 0 0 0 0 0 -1e-07 0 0 -1.18799e-11 
10 0 0 0 0 0 -1e-07 0 0 -1.30679e-11 
11 0 0 0 0 0 -1e-07 0 0 -1.42559e-11 
12 0 0 0 0 0 -1e-07 0 0 -1.54439e-11 
13 0 0 0 0 0 -1e-07 0 0 -1.66319e-11 
14 0 0 0 0 0 -1e-07 0 0 -1.78199e-11 
15 0 0 0 0 0 -1e-07 0 0 -1.90079e-11 
16 0 0 0 0 0 -1e-07 0 0 -2.01959e-11 
17 0 0 0 0 0 -1e-07 0 0 -2.13839e-11 
18 0 0 0 0 0 -1e-07 0 0 -2.25719e-11 
19 0 0 0 0 0 -1e-07 0 0 -2.37599e-11 
20 0 0 0 0 0 -1e-07 0 0 -2.49479e-11 
21 0 0 0 0 0 -1e-07 0 0 -2.61359e-11 
22 0 0 0 0 0 -1e-07 0 0 -2.73239e-11 
23 -2.19796e-10 6.30412e-11 -0.0159474 0 0 -1e-07 0 0 -2.85119e-11 
24 -2.10685e-10 -1.81318e-10 -0.0256094 0 0 -1e-07 0 0 -2.96999e-11 
25 -1.21728e-10 6.56174e-11 -0.0222787 0 0 -1e-07 0 0 -3.08878e-11 
26 -1.16374e-10 5.76359e-11 -0.0139423 0 0 -1e-07 0 0 -3.20758e-11 
27 -1.00856e-10 -5.63058e-11 -0.0543832 0 0 -1e-07 0 0 -3.32638e-11 
28 0.000157407 0.000147657 -0.0356388 0 0 -1e-07 0 0 -3.44518e-11 
29 -4.05832e-05 -9.93667e-05 -0.0101289 0 0 -1e-07 0 0 -3.56398e-11 
30 9.89634e-11 2.08656e-11 -0.0579845 0 0 -1e-07 0 0 -3.68278e-11 
31 -0.000104237 -0.000103373 -0.0498885 0 0 -1e-07 0 0 -3.80158e-11 
32 -7.99892e-05 -0.000294165 -0.057729 0 0 -1e-07 0 0 -3.92038e-11 
33 4.71535e-06 4.39419e-05 -0.0955547 0 0 -1e-07 0 0 -4.03918e-11 
34 4.94158e-05 -0.000313818 -0.129578 0 0 -1e-07 0 0 -4.15798e-11 
35 -6.8531e-05 -0.000162182 -0.0633571 0 0 -1e-07 0 0 -4.27678e-11 
36 0.000191436 -2.2641e-05 -0.137293 0 0 -1e-07 0 0 -4.39558e-11 
37 -4.38602e-05 -0.000402945 -0.0896587 0 0 -1e-07 0 0 -4.51438e-11 
38 4.1006e-05 -0.000115255 -0.0877976 0 0 -1e-07 0 0 -4.63318e-11 
39 0.000218133 -0.000244862 -0.250348 0 0 -1e-07 0 0 -4.75198e-11 
40 0.000196151 -0.000704684 -0.12208 0 0 -1e-07 0 0 -4.87078e-11 
41 4.26603e-05 0.000617293 -0.176701 0 0 -1e-07 0 0 -4.98958e-11 
42 -0.000443142 -0.00100362 -0.180147 0 0 -1e-07 0 0 -5.10837e-11 
43 0.00016472 -0.000385589 -0.219291 0 0 -1e-07 0 0 -5.22717e-11 
44 0.000948863 0.000237069 -0.131526 0 0 -1e-07 0 0 -5.34597e-11 
45 0.000353074 -0.000383161 -0.120021 0 0 -1e-07 0 0 -5.46477e-11 
46 -0.000391404 -0.00140041 -0.341242 0 0 -1e-07 0 0 -5.58357e-11 
47 -0.000377182 0.000154393 -0.281671 0 0 -1e-07 0 0 -5.70237e-11 
48 0.000908298 -0.000371055 -0.24544 0 0 -1e-07 0 0 -5.82117e-11 
49 0.000245209 -0.000122351 -0.252626 0 0 -1e-07 0 0 -5.93997e-11 
50 -0.00011031 -0.000345871 -0.250851 0 0 -1e-07 0 0 -6.05877e-11 
51 0.000194809 -0.000669919 -0.414686 0 0 -1e-07 0 0 -6.17757e-11 
52 -0.00106498 -0.000347588 -0.423708 0 0 -1e-07 0 0 -6.29637e-11 
53 0.000778492 0.000611287 -0.30943 0 0 -1e-07 0 0 -6.41517e-11 
54 0.00026932 -0.000516095 -0.281313 0 0 -1e-07 0 0 -6.53397e-11 
55 0.000115159 0.00034438 -0.219682 0 0 -1e-07 0 0 -6.65277e-11 
56 -0.000730346 9.84464e-05 -0.19445 0 0 -1e-07 0 0 -6.77157e-11 
57 -7.12571e-05 0.00118218 -0.421774 0 0 -1e-07 0 0 -6.89037e-11 
58 0.000701981 -0.0014323 -0.413478 0 0 -1e-07 0 0 -7.00917e-11 
59 -0.00112507 0.000106626 -0.423861 0 0 -1e-07 0 0 -7.12796e-11 
60 0.000268691 -0.00116652 -0.301688 0 0 -1e-07 0 0 -7.24676e-11 
61 0.00136303 -0.0013294 -0.362105 0 0 -1e-07 0 0 -7.36556e-11 
62 0.000210214 0.000688501 -0.457065 0 0 -1e-07 0 0 -7.48436e-11 
63 0.000790315 -0.000165835 -0.402942 0 0 -1e-07 0 0 -7.60316e-11 
64 -0.000186919 -0.00144227 -0.320921 0 0 -1e-07 0 0 -7.72196e-11 
65 -0.000210827 0.000175745 -0.344228 0 0 -1e-07 0 0 -7.84076e-11 
66 0.000275392 0.00211215 -0.361576 0 0 -1e-07 0 0 -7.95956e-11 
67 -0.000128811 0.000809571 -0.363366 0 0 -1e-07 0 0 -8.07836e-11 
68 -0.000326065 -0.00212553 -0.361254 0 0 -1e-07 0 0 -8.19716e-11 
69 -0.000242467 -0.000746855 -0.359699 0 0 -1e-07 0 0 -8.31596e-11 
70 0.00143445 -0.00011826 -0.49311 0 0 -1e-07 0 0 -8.43476e-11 
71 -5.41814e-05 -0.00142105 -0.46251 0 0 -1e-07 0 0 -8.55356e-11 
72 0.000684966 -0.000880188 -0.374005 0 0 -1e-07 0 0 -8.67236e-11 
73 0.000182786 0.000391385 -0.325838 0 0 -1e-07 0 0 -8.79116e-11 
74 0.000375976 -0.00140969 -0.263984 0 0 -1e-07 0 0 -8.90996e-11 
75 0.000418921 -0.000324508 -0.391465 0 0 -1e-07 0 0 -9.02876e-11 
76 0.00166439 -0.000924807 -0.421509 0 0 -1e-07 0 0 -9.14755e-11 
77 0.000387074 -0.00177508 -0.314885 0 0 -1e-07 0 0 -9.26635e-11 
78 -8.82214e-05 -0.0011714 -0.324297 0 0 -1e-07 0 0 -9.38515e-11 
79 0.00187616 -0.00149418 -0.31119 0 0 -1e-07 0 0 -9.50395e-11 
80 -0.000139426 0.000128713 -0.431674 0 0 -1e-07 0 0 -9.62275e-11 
81 0.000350235 0.0010141 -0.389086 0 0 -1e-07 0 0 -9.74155e-11 
82 0.000886694 -0.000741722 -0.387571 0 0 -1e-07 0 0 -9.86035e-11 
83 0.000261503 -9.97845e-05 -0.520864 0 0 -1e-07 0 0 -9.97915e-11 
84 0.00103062 0.000702098 -0.478854 0 0 -1e-07 0 0 -1.0098e-10 
85 -2.86043e-05 -0.000604087 -0.446478 0 0 -1e-07 0 0 -1.02167e-10 
86 0.00030987 -0.000984618 -0.398776 0 0 -1e-07 0 0 -1.03355e-10 
87 0.00015418 -0.00156645 -0.324556 0 0 -1e-07 0 0 -1.04543e-10 
88 -0.000157375 0.000731495 -0.255984 0 0 -1e-07 0 0 -1.05731e-10 
89 0.00130663 0.00119335 -0.374188 0 0 -1e-07 0 0 -1.06919e-10 
90 0.000270362 -0.000400344 -0.497606 0 0 -1e-07 0 0 -1.08107e-10 
91 -0.00146242 0.00137648 -0.370713 0 0 -1e-07 0 0 -1.09295e-10 
92 8.91309e-05 0.000175435 -0.383118 0 0 -1e-07 0 0 -1.10483e-10 
93 -0.00101471 -0.00279523 -0.33683 0 0 -1e-07 0 0 -1.11671e-10 
94 0.00247289 0.000303632 -0.381338 0 0 -1e-07 0 0 -1.12859e-10 
95 0.00176448 0.00160199 -0.387616 0 0 -1e-07 0 0 -1.14047e-10 
96 -0.00112911 -0.00101801 -0.540546 0 0 -1e-07 0 0 -1.15235e-10 
97 0.000366253 0.00138895 -0.475186 0 0 -1e-07 0 0 -1.16423e-10 
98 -0.000774576 -0.000163953 -0.385912 0 0 -1e-07 0 0 -1.17611e-10 
99 -0.00102086 0.000369385 -0.361017 0 0 -1e-07 0 0 -1.18799e-10 
100 0.00223673 0.000551439 -0.402724 0 0 -1e-07 0 0 -1.19987e-10 
101 0.000694463 -0.000493488 -0.352627 0 0 -1e-07 0 0 -1.21175e-10 
102 -8.63079e-05 -0.00217393 -0.463775 0 0 -1e-07 0 0 -1.22363e-10 
103 -0.000982089 -0.000919326 -0.466715 0 0 -1e-07 0 0 -1.23551e-10 
104 -0.000966229 0.00301967 -0.353857 0 0 -1e-07 0 0 -1.24739e-10 
105 0.000718915 -0.000669763 -0.313731 0 0 -1e-07 0 0 -1.25927e-10 
106 0.00219661 -0.00098179 -0.43012 0 0 -1e-07 0 0 -1.27115e-10 
107 0.000663972 -0.000253873 -0.346871 0 0 -1e-07 0 0 -1.28303e-10 
108 0.000292498 -0.000396486 -0.428954 0 0 -1e-07 0 0 -1.29491e-10 
109 0.000945907 0.00234973 -0.43948 0 0 -1e-07 0 0 -1.30679e-10 
110 0.0034284 -0.00184583 -0.492697 0 0 -1e-07 0 0 -1.31867e-10 
111 -0.00141246 -0.00200895 -0.448032 0 0 -1e-07 0 0 -1.33055e-10 
112 0.00204962 1.74493e-05 -0.456662 0 0 -1e-07 0 0 -1.34243e-10 
113 0.00178541 -0.00042305 -0.370478 0 0 -1e-07 0 0 -1.35431e-10 
114 0.000364854 -0.00120088 -0.403929 0 0 -1e-07 0 0 -1.36619e-10 
115 0.00032899 -0.00253982 -0.351319 0 0 -1e-07 0 0 -1.37807e-10 
116 -0.00147963 -0.000989387 -0.453719 0 0 -1e-07 0 0 -1.38995e-10 
117 0.000136864 0.00205106 -0.344764 0 0 -1e-07 0 0 -1.40183e-10 
118 0.000668223 -0.00136975 -0.41647 0 0 -1e-07 0 0 -1.41371e-10 
119 -0.00216972 0.000439179 -0.413752 0 0 -1e-07 0 0 -1.42559e-10 
120 0.000493043 -0.00133209 -0.412568 0 0 -1e-07 0 0 -1.43747e-10 
121 0.000571468 -0.000230328 -0.301474 0 0 -1e-07 0 0 -1.44935e-10 
122 0.000796933 0.000647424 -0.484591 0 0 -1e-07 0 0 -1.46123e-10 
123 0.00104175 0.000351193 -0.474183 0 0 -1e-07 0 0 -1.47311e-10 
124 0.000696398 0.000275494 -0.482406 0 0 -1e-07 0 0 -1.48499e-10 
125 0.00099749 -0.0044819 -0.486928 0 0 -1e-07 0 0 -1.49687e-10 
126 0.000655921 -0.00135476 -0.469947 0 0 -1e-07 0 0 -1.50875e-10 
127 0.00144341 -0.000474331 -0.486485 0 0 -1e-07 0 0 -1.52063e-10 
128 0.000348118 -0.00179465 -0.449345 0 0 -1e-07 0 0 -1.53251e-10 
129 0.000383229 -0.0023921 -0.487934 0 0 -1e-07 0 0 -1.54439e-10 
130 9.02064e-05 -0.000819833 -0.463658 0 0 -1e-07 0 0 -1.55627e-10 
131 0.000924808 0.000492979 -0.385443 0 0 -1e-07 0 0 -1.56815e-10 
132 -0.00105736 -0.00476061 -0.483393 0 0 -1e-07 0 0 -1.58003e-10 
133 0.000202752 -0.00241436 -0.346965 0 0 -1e-07 0 0 -1.59191e-10 
134 -0.00037178 0.000357982 -0.246194 0 0 -1e-07 0 0 -1.60379e-10 
135 -0.00085555 -0.000329155 -0.358479 0 0 -1e-07 0 0 -1.61567e-10 
136 0.000328646 -0.00134318 -0.430365 0 0 -1e-07 0 0 -1.62755e-10 
137 0.00354504 -0.00361728 -0.501853 0 0 -1e-07 0 0 -1.63943e-10 
138 0.00152688 -0.00198451 -0.55956 0 0 -1e-07 0 0 -1.65131e-10 
139 -0.000218864 0.00188052 -0.421646 0 0 -1e-07 0 0 -1.66319e-10 
140 0.000321718 -7.93089e-05 -0.503685 0 0 -1e-07 0 0 -1.67507e-10 
141 0.00357585 0.00185804 -0.554978 0 0 -1e-07 0 0 -1.68695e-10 
142 -0.000194017 0.000875222 -0.357135 0 0 -1e-07 0 0 -1.69883e-10 
143 0.000484242 0.000771906 -0.339653 0 0 -1e-07 0 0 -1.71071e-10 
144 -0.00255017 -0.000600921 -0.346368 0 0 -1e-07 0 0 -1.72259e-10 
145 -3.45129e-05 -0.000916761 -0.434995 0 0 -1e-07 0 0 -1.73447e-10 
146 0.00175086 -0.00101044 -0.383973 0 0 -1e-07 0 0 -1.74635e-10 
147 0.000881459 -0.000189996 -0.280401 0 0 -1e-07 0 0 -1.75823e-10 
148 0.00141746 0.00244662 -0.678116 0 0 -1e-07 0 0 -1.77011e-10 
149 -0.000129796 -0.00300336 -0.509776 0 0 -1e-07 0 0 -1.78199e-10 
150 0.00194975 0.00026678 -0.416199 0 0 -1e-07 0 0 -1.79387e-10 
151 0.00230222 0.00120991 -0.433207 0 0 -1e-07 0 0 -1.80575e-10 
152 0.000582531 -0.00108913 -0.330043 0 0 -1e-07 0 0 -1.81763e-10 
153 -0.00185509 0.00128894 -0.464998 0 0 -1e-07 0 0 -1.82951e-10 
154 0.00358011 -0.000505165 -0.483962 0 0 -1e-07 0 0 -1.84139e-10 
155 0.00141959 0.00133388 -0.412459 0 0 -1e-07 0 0 -1.85327e-10 
156 0.000215536 -0.00205244 -0.530284 0 0 -1e-07 0 0 -1.86515e-10 
157 -0.001456 -0.000918775 -0.276862 0 0 -1e-07 0 0 -1.87703e-10 
158 -0.000589692 -0.00164794 -0.376159 0 0 -1e-07 0 0 -1.88891e-10 
159 -0.000226356 -0.000710259 -0.402236 0 0 -1e-07 0 0 -1.90079e-10 
160 0.000797775 -0.00103676 -0.359972 0 0 -1e-07 0 0 -1.91267e-10 
161 -0.000331589 -0.00162934 -0.433229 0 0 -1e-07 0 0 -1.92455e-10 
162 -0.00101724 -0.00349951 -0.516575 0 0 -1e-07 0 0 -1.93643e-10 
163 0.0026119 0.00252438 -0.508282 0 0 -1e-07 0 0 -1.94831e-10 
164 0.00189658 2.54557e-05 -0.469646 0 0 -1e-07 0 0 -1.96019e-10 
165 0.00240786 -0.000625174 -0.441219 0 0 -1e-07 0 0 -1.97207e-10 
166 0.000572934 -0.00115754 -0.373299 0 0 -1e-07 0 0 -1.98395e-10 
167 -0.00303569 -0.00188022 -0.378293 0 0 -1e-07 0 0 -1.99583e-10 
168 0.000362744 0.000164215 -0.301188 0 0 -1e-07 0 0 -2.00771e-10 
169 0.000481782 -0.000198652 -0.533569 0 0 -1e-07 0 0 -2.01959e-10 
170 -0.00110018 -0.00262617 -0.581962 0 0 -1e-07 0 0 -2.03147e-10 
171 -0.00202325 -0.00482433 -0.45601 0 0 -1e-07 0 0 -2.04335e-10 
172 0.000928138 -0.00266626 -0.369827 0 0 -1e-07 0 0 -2.05523e-10 
173 0.000296667 -0.00225756 -0.460375 0 0 -1e-07 0 0 -2.06711e-10 
174 0.000334714 0.00224449 -0.441489 0 0 -1e-07 0 0 -2.07899e-10 
175 0.000203433 -0.000834054 -0.43231 0 0 -1e-07 0 0 -2.09087e-10 
176 -0.00123697 0.00169844 -0.434958 0 0 -1e-07 0 0 -2.10275e-10 
177 -0.000843081 0.0019302 -0.426812 0 0 -1e-07 0 0 -2.11463e-10 
178 -0.00352146 -0.00332552 -0.503139 0 0 -1e-07 0 0 -2.12651e-10 
179 -0.000624343 -0.00376519 -0.437676 0 0 -1e-07 0 0 -2.13839e-10 
180 -0.00383167 0.00217355 -0.468678 0 0 -1e-07 0 0 -2.15027e-10 
181 -0.000574276 -0.00149991 -0.368871 0 0 -1e-07 0 0 -2.16215e-10 
182 0.000135604 -0.00301218 -0.579604 0 0 -1e-07 0 0 -2.17403e-10 
183 -0.000163822 0.00230455 -0.510359 0 0 -1e-07 0 0 -2.18591e-10 
184 0.00323981 0.00158342 -0.524364 0 0 -1e-07 0 0 -2.19779e-10 
185 0.00246538 -0.000533806 -0.602837 0 0 -1e-07 0 0 -2.20967e-10 
186 -0.00105222 0.00208656 -0.397726 0 0 -1e-07 0 0 -2.22155e-10 
187 -0.00215241 0.000251208 -0.499764 0 0 -1e-07 0 0 -2.23343e-10 
188 0.000752848 0.00109308 -0.409887 0 0 -1e-07 0 0 -2.24531e-10 
189 -0.00115594 -0.00047067 -0.506772 0 0 -1e-07 0 0 -2.25719e-10 
190 0.00169023 0.00123454 -0.426157 0 0 -1e-07 0 0 -2.26907e-10 
191 0.000617882 -0.00134605 -0.373739 0 0 -1e-07 0 0 -2.28095e-10 
192 -0.000201501 -0.00182115 -0.534037 0 0 -1e-07 0 0 -2.29283e-10 
193 -0.00176724 -0.00106939 -0.377128 0 0 -1e-07 0 0 -2.30471e-10 
194 0.000415288 0.0022359 -0.474434 0 0 -1e-07 0 0 -2.31659e-10 
195 0.00135061 0.00115456 -0.401259 0 0 -1e-07 0 0 -2.32847e-10 
196 0.000232429 -0.00183626 -0.532563 0 0 -1e-07 0 0 -2.34035e-10 
197 -0.000567096 0.000494949 -0.245017 0 0 -1e-07 0 0 -2.35223e-10 
198 0.000497486 0.00128366 -0.412928 0 0 -1e-07 0 0 -2.36411e-10 
199 -0.000342122 -0.00115373 -0.397396 0 0 -1e-07 0 0 -2.37599e-10 
200 -0.000647906 -0.000112425 -0.3878 0 0 -1e-07 0 0 -2.38787e-10 
