# step Fx Fy Fz Vx Vy Vz Dx Dy Dz 
0 0 0 0 0 0 -1e-07 0 0 -1.386e-12 
1 0 0 0 0 0 -1e-07 0 0 -2.772e-12 
2 0 0 0 0 0 -1e-07 0 0 -4.15801e-12 
3 0 0 0 0 0 -1e-07 0 0 -5.54401e-12 
4 0 0 0 0 0 -1e-07 0 0 -6.93001e-12 
5 0 0 0 0 0 -1e-07 0 0 -8.31601e-12 
6 0 0 0 0 0 -1e-07 0 0 -9.70202e-12 
7 0 0 0 0 0 -1e-07 0 0 -1.1088e-11 
8 0 0 0 0 0 -1e-07 0 0 -1.2474e-11 
9 0 0 0 0 0 -1e-07 0 0 -1.386e-11 
10 0 0 0 0 0 -1e-07 0 0 -1.5246e-11 
11 0 0 0 0 0 -1e-07 0 0 -1.6632e-11 
12 0 0 0 0 0 -1e-07 0 0 -1.8018e-11 
13 0 0 0 0 0 -1e-07 0 0 -1.9404e-11 
14 0 0 0 0 0 -1e-07 0 0 -2.079e-11 
15 0 0 0 0 0 -1e-07 0 0 -2.2176e-11 
16 0 0 0 0 0 -1e-07 0 0 -2.3562e-11 
17 0 0 0 0 0 -1e-07 0 0 -2.4948e-11 
18 0 0 0 0 0 -1e-07 0 0 -2.6334e-11 
19 0 0 0 0 0 -1e-07 0 0 -2.772e-11 
20 3.00615e-11 -1.24903e-11 -0.0115562 0 0 -1e-07 0 0 -2.91061e-11 
21 -1.02948e-10 5.40072e-11 -0.0342688 0 0 -1e-07 0 0 -3.04921e-11 
22 4.95496e-11 -2.98225e-11 -0.00983121 0 0 -1e-07 0 0 -3.18781e-11 
23 -6.24675e-11 -2.27552e-11 -0.0167952 0 0 -1e-07 0 0 -3.32641e-11 
24 3.36749e-11 4.6528e-11 -0.039323 0 0 -1e-07 0 0 -3.46501e-11 
25 9.97375e-05 9.93945e-05 -0.0229284 0 0 -1e-07 0 0 -3.60361e-11 
26 -3.24161e-05 -7.16379e-05 -0.0354348 0 0 -1e-07 0 0 -3.74221e-11 
27 -5.86186e-05 -6.41154e-05 -0.0435126 0 0 -1e-07 0 0 -3.88081e-11 
28 -4.76941e-05 -0.000162715 -0.0476258 0 0 -1e-07 0 0 -4.01941e-11 
29 1.33114e-05 -3.14191e-05 -0.0846383 0 0 -1e-07 0 0 -4.15801e-11 
30 6.63504e-05 -0.000131627 -0.0554685 0 0 -1e-07 0 0 -4.29661e-11 
31 0.000182039 -9.80068e-05 -0.145474 0 0 -1e-07 0 0 -4.43521e-11 
32 -0.000130813 -0.000130472 -0.0503395 0 0 -1e-07 0 0 -4.57381e-11 
33 -0.000172595 -0.000290173 -0.105081 0 0 -1e-07 0 0 -4.71241e-11 
34 -3.44755e-05 -0.000447693 -0.119366 0 0 -1e-07 0 0 -4.85101e-11 
35 0.000167923 -5.05937e-05 -0.0761378 0 0 -1e-07 0 0 -4.98961e-11 
36 0.000435229 7.25551e-05 -0.25088 0 0 -1e-07 0 0 -5.12821e-11 
37 0.000152871 -0.000345479 -0.145649 0 0 -1e-07 0 0 -5.26681e-11 
38 -3.6667e-05 0.000211505 -0.0967329 0 0 -1e-07 0 0 -5.40541e-11 
39 -3.07839e-05 -0.00018682 -0.0830896 0 0 -1e-07 0 0 -5.54401e-11 
40 -7.3722e-05 -9.80076e-05 -0.201355 0 0 -1e-07 0 0 -5.68261e-11 
41 -0.000206492 -0.00081594 -0.239503 0 0 -1e-07 0 0 -5.82121e-11 
42 0.000537187 0.000677196 -0.238321 0 0 -1e-07 0 0 -5.95981e-11 
43 -0.000739168 -0.000371223 -0.216432 0 0 -1e-07 0 0 -6.09841e-11 
44 -0.000558144 0.000109265 -0.255501 0 0 -1e-07 0 0 -6.23701e-11 
45 -0.000712191 -0.000562828 -0.307487 0 0 -1e-07 0 0 -6.37561e-11 
46 -0.000541048 -0.000132819 -0.220843 0 0 -1e-07 0 0 -6.51421e-11 
47 -5.46956e-07 0.000286921 -0.173966 0 0 -1e-07 0 0 -6.65281e-11 
48 -0.0003524 -0.000224752 -0.135608 0 0 -1e-07 0 0 -6.79141e-11 
49 -0.000390825 -0.000385817 -0.334455 0 0 -1e-07 0 0 -6.93001e-11 
50 0.000238419 0.00030773 -0.260283 0 0 -1e-07 0 0 -7.06861e-11 
51 0.000351478 0.000481027 -0.292847 0 0 -1e-07 0 0 -7.20721e-11 
52 -0.000512181 -0.000642744 -0.306688 0 0 -1e-07 0 0 -7.34581e-11 
53 -0.000700347 -0.000826668 -0.30156 0 0 -1e-07 0 0 -7.48441e-11 
54 0.000392271 -0.000349492 -0.34421 0 0 -1e-07 0 0 -7.62301e-11 
55 0.000373093 -0.000277326 -0.263698 0 0 -1e-07 0 0 -7.76161e-11 
56 -1.9911e-05 -0.000153496 -0.235037 0 0 -1e-07 0 0 -7.90021e-11 
57 -0.000323242 0.000982061 -0.271153 0 0 -1e-07 0 0 -8.03881e-11 
58 -0.000218374 0.00109778 -0.29964 0 0 -1e-07 0 0 -8.17741e-11 
59 0.000889176 0.000996455 -0.329427 0 0 -1e-07 0 0 -8.31601e-11 
60 0.000149989 -0.000400151 -0.272621 0 0 -1e-07 0 0 -8.45461e-11 
61 -0.000646327 -0.000454052 -0.264267 0 0 -1e-07 0 0 -8.59322e-11 
62 2.31077e-05 0.000127919 -0.300079 0 0 -1e-07 0 0 -8.73182e-11 
63 0.000135656 0.00154516 -0.222636 0 0 -1e-07 0 0 -8.87042e-11 
64 0.000616792 -6.66484e-05 -0.309472 0 0 -1e-07 0 0 -9.00902e-11 
65 -0.000260168 8.71115e-05 -0.341386 0 0 -1e-07 0 0 -9.14762e-11 
66 0.000693663 -0.000486897 -0.281999 0 0 -1e-07 0 0 -9.28622e-11 
67 7.64049e-05 -0.000284918 -0.365816 0 0 -1e-07 0 0 -9.42482e-11 
68 -0.000891687 -0.000114988 -0.221967 0 0 -1e-07 0 0 -9.56342e-11 
69 -0.000562222 0.00133422 -0.260846 0 0 -1e-07 0 0 -9.70202e-11 
70 -0.000348769 0.00132226 -0.228974 0 0 -1e-07 0 0 -9.84062e-11 
71 -0.000227501 -0.00020068 -0.307179 0 0 -1e-07 0 0 -9.97922e-11 
72 -0.00051712 0.000875706 -0.297472 0 0 -1e-07 0 0 -1.01178e-10 
73 -0.000219643 -0.00258642 -0.307538 0 0 -1e-07 0 0 -1.02564e-10 
74 0.000690806 -0.000653183 -0.308174 0 0 -1e-07 0 0 -1.0395e-10 
75 0.00179232 0.00055441 -0.287987 0 0 -1e-07 0 0 -1.05336e-10 
76 5.47389e-05 -0.000943072 -0.364051 0 0 -1e-07 0 0 -1.06722e-10 
77 0.00100479 0.000739728 -0.362076 0 0 -1e-07 0 0 -1.08108e-10 
78 0.000488239 -0.000274427 -0.318036 0 0 -1e-07 0 0 -1.09494e-10 
79 -0.00065167 0.000527207 -0.257662 0 0 -1e-07 0 0 -1.1088e-10 
80 -0.000541849 0.000394352 -0.256029 0 0 -1e-07 0 0 -1.12266e-10 
81 0.000447589 -0.000968141 -0.300524 0 0 -1e-07 0 0 -1.13652e-10 
82 0.000306165 -0.000522697 -0.199892 0 0 -1e-07 0 0 -1.15038e-10 
83 -5.25601e-05 -0.00156084 -0.379906 0 0 -1e-07 0 0 -1.16424e-10 
84 0.000794167 0.000653188 -0.300849 0 0 -1e-07 0 0 -1.1781e-10 
85 0.00136502 -0.0012538 -0.394258 0 0 -1e-07 0 0 -1.19196e-10 
86 0.000560894 -3.04886e-05 -0.260782 0 0 -1e-07 0 0 -1.20582e-10 
87 -0.000416309 -1.80589e-05 -0.234841 0 0 -1e-07 0 0 -1.21968e-10 
88 0.000820842 -0.000597192 -0.25841 0 0 -1e-07 0 0 -1.23354e-10 
89 -0.000894648 -0.000234774 -0.289051 0 0 -1e-07 0 0 -1.2474e-10 
90 -0.0013907 -0.00139411 -0.349493 0 0 -1e-07 0 0 -1.26126e-10 
91 -0.000757312 -0.000382733 -0.324878 0 0 -1e-07 0 0 -1.27512e-10 
92 0.000168798 -8.25397e-05 -0.214717 0 0 -1e-07 0 0 -1.28898e-10 
93 -0.0013085 -0.00194418 -0.3789 0 0 -1e-07 0 0 -1.30284e-10 
94 -0.000479765 0.000909688 -0.287781 0 0 -1e-07 0 0 -1.3167e-10 
95 -0.000359018 -0.000328349 -0.196055 0 0 -1e-07 0 0 -1.33056e-10 
96 0.00087213 -0.000670112 -0.310368 0 0 -1e-07 0 0 -1.34442e-10 
97 0.000712672 0.000476119 -0.297254 0 0 -1e-07 0 0 -1.35828e-10 
98 -0.000193391 -0.000399174 -0.327691 0 0 -1e-07 0 0 -1.37214e-10 
99 -0.000296014 -0.00192361 -0.328504 0 0 -1e-07 0 0 -1.386e-10 
100 -3.2659e-05 -0.00184235 -0.336454 0 0 -1e-07 0 0 -1.39986e-10 
101 -0.000815558 0.00069428 -0.338637 0 0 -1e-07 0 0 -1.41372e-10 
102 -0.0016203 0.00027255 -0.31451 0 0 -1e-07 0 0 -1.42758e-10 
103 0.000150943 0.000448759 -0.298578 0 0 -1e-07 0 0 -1.44144e-10 
104 0.00127196 -0.000301537 -0.297385 0 0 -1e-07 0 0 -1.4553e-10 
105 -0.000103754 0.000633702 -0.271978 0 0 -1e-07 0 0 -1.46916e-10 
106 7.39056e-05 -0.00121572 -0.414931 0 0 -1e-07 0 0 -1.48302e-10 
107 0.000974907 0.000639993 -0.332447 0 0 -1e-07 0 0 -1.49688e-10 
108 -0.00188232 -0.000460329 -0.368665 0 0 -1e-07 0 0 -1.51074e-10 
109 0.000591642 0.00122112 -0.352453 0 0 -1e-07 0 0 -1.5246e-10 
110 0.00114566 -0.00159611 -0.239794 0 0 -1e-07 0 0 -1.53846e-10 
111 0.00105285 0.000399817 -0.25369 0 0 -1e-07 0 0 -1.55232e-10 
112 0.000794867 0.000255502 -0.243637 0 0 -1e-07 0 0 -1.56618e-10 
113 -0.000356904 0.00194551 -0.258908 0 0 -1e-07 0 0 -1.58004e-10 
114 -5.78488e-06 0.00151938 -0.306763 0 0 -1e-07 0 0 -1.5939e-10 
115 -0.000810243 0.000177733 -0.33132 0 0 -1e-07 0 0 -1.60776e-10 
116 -0.00111354 -0.000340739 -0.280812 0 0 -1e-07 0 0 -1.62162e-10 
117 -0.00100179 0.000160128 -0.296972 0 0 -1e-07 0 0 -1.63548e-10 
118 0.00219257 0.000470433 -0.383902 0 0 -1e-07 0 0 -1.64934e-10 
119 0.00127256 4.24239e-06 -0.333828 0 0 -1e-07 0 0 -1.6632e-10 
120 0.00110606 -0.00149005 -0.251845 0 0 -1e-07 0 0 -1.67706e-10 
121 4.85256e-05 0.00069352 -0.341627 0 0 -1e-07 0 0 -1.69092e-10 
122 0.000101657 -0.00259127 -0.271422 0 0 -1e-07 0 0 -1.70478e-10 
123 0.000197944 -0.00240105 -0.297239 0 0 -1e-07 0 0 -1.71864e-10 
124 -0.000511429 -0.00219323 -0.434355 0 0 -1e-07 0 0 -1.7325e-10 
125 0.000637286 2.2502e-05 -0.310148 0 0 -1e-07 0 0 -1.74636e-10 
126 -0.000297908 -0.00132654 -0.240362 0 0 -1e-07 0 0 -1.76022e-10 
127 -0.000237004 -9.07663e-05 -0.231676 0 0 -1e-07 0 0 -1.77408e-10 
128 0.000237684 0.000765229 -0.327853 0 0 -1e-07 0 0 -1.78794e-10 
129 -0.00138871 -0.00140088 -0.458818 0 0 -1e-07 0 0 -1.8018e-10 
130 0.00203444 0.000548089 -0.346899 0 0 -1e-07 0 0 -1.81566e-10 
131 -0.000870058 0.00158635 -0.327925 0 0 -1e-07 0 0 -1.82952e-10 
132 -0.000498745 -0.000500369 -0.246867 0 0 -1e-07 0 0 -1.84338e-10 
133 -0.000369304 -0.000654211 -0.202363 0 0 -1e-07 0 0 -1.85724e-10 
134 -0.000448402 -0.000856468 -0.351101 0 0 -1e-07 0 0 -1.8711e-10 
135 0.00166607 0.000375945 -0.275034 0 0 -1e-07 0 0 -1.88496e-10 
136 0.000718735 -0.000890473 -0.320957 0 0 -1e-07 0 0 -1.89882e-10 
137 0.000723069 -0.000702621 -0.400811 0 0 -1e-07 0 0 -1.91268e-10 
138 -0.00173838 0.000831143 -0.318332 0 0 -1e-07 0 0 -1.92654e-10 
139 0.000643877 0.000188319 -0.223866 0 0 -1e-07 0 0 -1.9404e-10 
140 0.000334174 -0.000246057 -0.289044 0 0 -1e-07 0 0 -1.95426e-10 
141 -0.000863976 -0.00110409 -0.316595 0 0 -1e-07 0 0 -1.96812e-10 
142 -0.00218785 -0.00296475 -0.324091 0 0 -1e-07 0 0 -1.98198e-10 
143 0.000612384 -0.00124875 -0.495131 0 0 -1e-07 0 0 -1.99584e-10 
144 -0.00054134 0.000190178 -0.427124 0 0 -1e-07 0 0 -2.0097e-10 
145 -0.00219115 0.00120276 -0.241431 0 0 -1e-07 0 0 -2.02356e-10 
146 0.000656287 0.00109753 -0.171126 0 0 -1e-07 0 0 -2.03742e-10 
147 -0.00100451 -3.37438e-05 -0.281279 0 0 -1e-07 0 0 -2.05128e-10 
148 0.000227316 0.000344911 -0.271018 0 0 -1e-07 0 0 -2.06514e-10 
149 -0.000155333 -0.000262119 -0.365185 0 0 -1e-07 0 0 -2.079e-10 
150 0.000381711 -0.00196219 -0.370226 0 0 -1e-07 0 0 -2.09286e-10 
151 -0.00119963 0.000252094 -0.361414 0 0 -1e-07 0 0 -2.10672e-10 
152 0.00162164 0.000206603 -0.340087 0 0 -1e-07 0 0 -2.12058e-10 
153 0.00058654 -0.000196461 -0.300666 0 0 -1e-07 0 0 -2.13444e-10 
154 0.000645588 0.000835303 -0.367873 0 0 -1e-07 0 0 -2.1483e-10 
155 0.00236512 0.00119916 -0.286201 0 0 -1e-07 0 0 -2.16216e-10 
156 -0.00042703 -0.00103405 -0.383559 0 0 -1e-07 0 0 -2.17602e-10 
157 0.00117618 0.00103914 -0.26532 0 0 -1e-07 0 0 -2.18988e-10 
158 -0.000825297 -0.00310583 -0.368187 0 0 -1e-07 0 0 -2.20374e-10 
159 -0.00104551 -0.0014727 -0.481949 0 0 -1e-07 0 0 -2.2176e-10 
160 -8.1376e-05 -0.00242737 -0.397836 0 0 -1e-07 0 0 -2.23146e-10 
161 -0.000928361 -0.000722917 -0.283426 0 0 -1e-07 0 0 -2.24532e-10 
162 -4.61857e-05 0.0003961 -0.234698 0 0 -1e-07 0 0 -2.25918e-10 
163 -0.00108926 0.000987966 -0.321182 0 0 -1e-07 0 0 -2.27304e-10 
164 0.000789956 -0.00158173 -0.299165 0 0 -1e-07 0 0 -2.2869e-10 
165 -0.000684631 -0.00115113 -0.275653 0 0 -1e-07 0 0 -2.30076e-10 
166 -5.49609e-05 -0.000705787 -0.34747 0 0 -1e-07 0 0 -2.31462e-10 
167 -0.00234554 -0.00480789 -0.364404 0 0 -1e-07 0 0 -2.32848e-10 
168 0.000120058 0.000974466 -0.352669 0 0 -1e-07 0 0 -2.34234e-10 
169 0.00112415 0.00189728 -0.343912 0 0 -1e-07 0 0 -2.3562e-10 
170 0.000639241 0.000330512 -0.321892 0 0 -1e-07 0 0 -2.37006e-10 
171 -0.000964143 -0.000423769 -0.420014 0 0 -1e-07 0 0 -2.38392e-10 
172 -0.000541701 -0.00228536 -0.431616 0 0 -1e-07 0 0 -2.39778e-10 
173 9.32797e-05 -0.00187493 -0.270247 0 0 -1e-07 0 0 -2.41164e-10 
174 -6.64011e-06 -0.000545597 -0.304994 0 0 -1e-07 0 0 -2.4255e-10 
175 -0.00270366 -0.00243382 -0.315013 0 0 -1e-07 0 0 -2.43936e-10 
176 -0.000467839 -0.000614261 -0.379135 0 0 -1e-07 0 0 -2.45322e-10 
177 -0.000629118 0.000212133 -0.308559 0 0 -1e-07 0 0 -2.46708e-10 
178 0.00136727 0.000139587 -0.289178 0 0 -1e-07 0 0 -2.48094e-10 
179 -0.000614676 0.0012704 -0.327101 0 0 -1e-07 0 0 -2.4948e-10 
180 0.00179913 -0.000622063 -0.426029 0 0 -1e-07 0 0 -2.50866e-10 
181 0.0011015 -0.00172939 -0.400894 0 0 -1e-07 0 0 -2.52252e-10 
182 5.33247e-05 0.000529152 -0.346052 0 0 -1e-07 0 0 -2.53638e-10 
183 -0.00245078 -0.00200364 -0.329209 0 0 -1e-07 0 0 -2.55024e-10 
184 -0.00297481 -0.00259581 -0.297635 0 0 -1e-07 0 0 -2.5641e-10 
185 0.000156304 0.000911158 -0.3311 0 0 -1e-07 0 0 -2.57796e-10 
186 0.00205792 0.000327793 -0.214333 0 0 -1e-07 0 0 -2.59182e-10 
187 0.000147521 -0.00119294 -0.304927 0 0 -1e-07 0 0 -2.60568e-10 
188 -0.00169457 0.00205824 -0.4177 0 0 -1e-07 0 0 -2.61954e-10 
189 -0.000955719 0.00186415 -0.25395 0 0 -1e-07 0 0 -2.6334e-10 
190 6.54582e-05 -0.00132765 -0.262353 0 0 -1e-07 0 0 -2.64726e-10 
191 -0.000988658 -0.00335281 -0.505523 0 0 -1e-07 0 0 -2.66112e-10 
192 -0.0015581 -0.00190805 -0.431589 0 0 -1e-07 0 0 -2.67498e-10 
193 -0.00188143 -0.00289719 -0.373693 0 0 -1e-07 0 0 -2.68884e-10 
194 -0.000982976 0.000447854 -0.372079 0 0 -1e-07 0 0 -2.7027e-10 
195 -0.000414548 -0.00305635 -0.355231 0 0 -1e-07 0 0 -2.71656e-10 
196 -0.00117074 0.000547592 -0.321809 0 0 -1e-07 0 0 -2.73042e-10 
197 -1.96573e-05 -0.000311094 -0.409334 0 0 -1e-07 0 0 -2.74428e-10 
198 0.0020021 -0.0020111 -0.422667 0 0 -1e-07 0 0 -2.75814e-10 
199 -0.000656008 -0.000552136 -0.25792 0 0 -1e-07 0 0 -2.772e-10 
200 -0.000195826 0.0017803 -0.302981 0 0 -1e-07 0 0 -2.78586e-10 
