# step Fx Fy Fz Vx Vy Vz Dx Dy Dz 
0 0 0 0 0 0 -1e-07 0 0 -1.18799e-12 
1 0 0 0 0 0 -1e-07 0 0 -2.37599e-12 
2 0 0 0 0 0 -1e-07 0 0 -3.56398e-12 
3 0 0 0 0 0 -1e-07 0 0 -4.75198e-12 
4 0 0 0 0 0 -1e-07 0 0 -5.93997e-12 
5 0 0 0 0 0 -1e-07 0 0 -7.12796e-12 
6 0 0 0 0 0 -1e-07 0 0 -8.31596e-12 
7 0 0 0 0 0 -1e-07 0 0 -9.50395e-12 
8 0 0 0 0 0 -1e-07 0 0 -1.06919e-11 
9 0 0 0 0 0 -1e-07 0 0 -1.18799e-11 
10 0 0 0 0 0 -1e-07 0 0 -1.30679e-11 
11 0 0 0 0 0 -1e-07 0 0 -1.42559e-11 
12 0 0 0 0 0 -1e-07 0 0 -1.54439e-11 
13 0 0 0 0 0 -1e-07 0 0 -1.66319e-11 
14 0 0 0 0 0 -1e-07 0 0 -1.78199e-11 
15 0 0 0 0 0 -1e-07 0 0 -1.90079e-11 
16 0 0 0 0 0 -1e-07 0 0 -2.01959e-11 
17 0 0 0 0 0 -1e-07 0 0 -2.13839e-11 
18 0 0 0 0 0 -1e-07 0 0 -2.25719e-11 
19 0 0 0 0 0 -1e-07 0 0 -2.37599e-11 
20 0 0 0 0 0 -1e-07 0 0 -2.49479e-11 
21 0 0 0 0 0 -1e-07 0 0 -2.61359e-11 
22 0 0 0 0 0 -1e-07 0 0 -2.73239e-11 
23 -2.19796e-10 6.30412e-11 -0.0159474 0 0 -1e-07 0 0 -2.85119e-11 
24 -2.10685e-10 -1.81318e-10 -0.0256094 0 0 -1e-07 0 0 -2.96999e-11 
25 -1.21728e-10 6.56174e-11 -0.0222787 0 0 -1e-07 0 0 -3.08878e-11 
26 -1.16374e-10 5.76359e-11 -0.0139423 0 0 -1e-07 0 0 -3.20758e-11 
27 -1.00856e-10 -5.63058e-11 -0.0543832 0 0 -1e-07 0 0 -3.32638e-11 
28 0.000157407 0.000147657 -0.0356388 0 0 -1e-07 0 0 -3.44518e-11 
29 -4.05832e-05 -9.93667e-05 -0.0101289 0 0 -1e-07 0 0 -3.56398e-11 
30 9.89634e-11 2.08656e-11 -0.0579845 0 0 -1e-07 0 0 -3.68278e-11 
31 -0.000104237 -0.000103373 -0.0498885 0 0 -1e-07 0 0 -3.80158e-11 
32 -7.99892e-05 -0.000294165 -0.057729 0 0 -1e-07 0 0 -3.92038e-11 
33 4.71535e-06 4.39419e-05 -0.0955547 0 0 -1e-07 0 0 -4.03918e-11 
34 4.94158e-05 -0.000313818 -0.129578 0 0 -1e-07 0 0 -4.15798e-11 
35 -6.8531e-05 -0.000162182 -0.0633571 0 0 -1e-07 0 0 -4.27678e-11 
36 0.000191436 -2.2641e-05 -0.137293 0 0 -1e-07 0 0 -4.39558e-11 
37 -4.38602e-05 -0.000402945 -0.0896587 0 0 -1e-07 0 0 -4.51438e-11 
38 4.1006e-05 -0.000115255 -0.0877976 0 0 -1e-07 0 0 -4.63318e-11 
39 0.000218133 -0.000244862 -0.250348 0 0 -1e-07 0 0 -4.75198e-11 
40 0.000196151 -0.000704684 -0.12208 0 0 -1e-07 0 0 -4.87078e-11 
41 4.26603e-05 0.000617293 -0.176701 0 0 -1e-07 0 0 -4.98958e-11 
42 -0.000443142 -0.00100362 -0.180147 0 0 -1e-07 0 0 -5.10837e-11 
43 0.00016472 -0.000385589 -0.219291 0 0 -1e-07 0 0 -5.22717e-11 
44 0.000948863 0.000237069 -0.131526 0 0 -1e-07 0 0 -5.34597e-11 
45 0.000353074 -0.000383161 -0.120021 0 0 -1e-07 0 0 -5.46477e-11 
46 -0.000391404 -0.00140041 -0.341242 0 0 -1e-07 0 0 -5.58357e-11 
47 -0.000377182 0.000154393 -0.281671 0 0 -1e-07 0 0 -5.70237e-11 
48 0.000908298 -0.000371055 -0.24544 0 0 -1e-07 0 0 -5.82117e-11 
49 0.000245209 -0.000122351 -0.252626 0 0 -1e-07 0 0 -5.93997e-11 
50 -0.00011031 -0.000345871 -0.250851 0 0 -1e-07 0 0 -6.05877e-11 
51 0.000194809 -0.000669919 -0.414686 0 0 -1e-07 0 0 -6.17757e-11 
52 -0.00106498 -0.000347588 -0.423708 0 0 -1e-07 0 0 -6.29637e-11 
53 0.000778492 0.000611287 -0.30943 0 0 -1e-07 0 0 -6.41517e-11 
54 0.00026932 -0.000516095 -0.281313 0 0 -1e-07 0 0 -6.53397e-11 
55 0.000115159 0.00034438 -0.219682 0 0 -1e-07 0 0 -6.65277e-11 
56 -0.000730346 9.84464e-05 -0.19445 0 0 -1e-07 0 0 -6.77157e-11 
57 -7.12571e-05 0.00118218 -0.421774 0 0 -1e-07 0 0 -6.89037e-11 
58 0.000701981 -0.0014323 -0.413478 0 0 -1e-07 0 0 -7.00917e-11 
59 -0.00112507 0.000106626 -0.423861 0 0 -1e-07 0 0 -7.12796e-11 
60 0.000268691 -0.00116652 -0.301688 0 0 -1e-07 0 0 -7.24676e-11 
61 0.00136303 -0.0013294 -0.362105 0 0 -1e-07 0 0 -7.36556e-11 
62 0.000210214 0.000688501 -0.457065 0 0 -1e-07 0 0 -7.48436e-11 
63 0.000790315 -0.000165835 -0.402942 0 0 -1e-07 0 0 -7.60316e-11 
64 -0.000186919 -0.00144227 -0.320921 0 0 -1e-07 0 0 -7.72196e-11 
65 -0.000210827 0.000175745 -0.344228 0 0 -1e-07 0 0 -7.84076e-11 
66 0.000275393 0.00211215 -0.361576 0 0 -1e-07 0 0 -7.95956e-11 
67 -0.000128811 0.000809571 -0.363366 0 0 -1e-07 0 0 -8.07836e-11 
68 -0.000326066 -0.00212553 -0.361254 0 0 -1e-07 0 0 -8.19716e-11 
69 -0.000242468 -0.000746855 -0.359699 0 0 -1e-07 0 0 -8.31596e-11 
70 0.00143445 -0.000118261 -0.49311 0 0 -1e-07 0 0 -8.43476e-11 
71 -5.41803e-05 -0.00142105 -0.46251 0 0 -1e-07 0 0 -8.55356e-11 
72 0.000684967 -0.000880188 -0.374005 0 0 -1e-07 0 0 -8.67236e-11 
73 0.000182787 0.000391385 -0.325838 0 0 -1e-07 0 0 -8.79116e-11 
74 0.000375976 -0.00140969 -0.263984 0 0 -1e-07 0 0 -8.90996e-11 
75 0.00041892 -0.000324509 -0.391465 0 0 -1e-07 0 0 -9.02876e-11 
76 0.00166439 -0.000924807 -0.421509 0 0 -1e-07 0 0 -9.14755e-11 
77 0.000387073 -0.00177508 -0.314885 0 0 -1e-07 0 0 -9.26635e-11 
78 -8.82232e-05 -0.0011714 -0.324297 0 0 -1e-07 0 0 -9.38515e-11 
79 0.00187616 -0.00149418 -0.31119 0 0 -1e-07 0 0 -9.50395e-11 
80 -0.000139424 0.000128715 -0.431674 0 0 -1e-07 0 0 -9.62275e-11 
81 0.000350235 0.0010141 -0.389086 0 0 -1e-07 0 0 -9.74155e-11 
82 0.000886694 -0.000741721 -0.387571 0 0 -1e-07 0 0 -9.86035e-11 
83 0.000261504 -9.97848e-05 -0.520864 0 0 -1e-07 0 0 -9.97915e-11 
84 0.00103062 0.000702099 -0.478854 0 0 -1e-07 0 0 -1.0098e-10 
85 -2.8603e-05 -0.000604085 -0.446478 0 0 -1e-07 0 0 -1.02167e-10 
86 0.000309873 -0.000984616 -0.398776 0 0 -1e-07 0 0 -1.03355e-10 
87 0.000154181 -0.00156645 -0.324556 0 0 -1e-07 0 0 -1.04543e-10 
88 -0.000157376 0.000731491 -0.255984 0 0 -1e-07 0 0 -1.05731e-10 
89 0.00130663 0.00119335 -0.374188 0 0 -1e-07 0 0 -1.06919e-10 
90 0.000270353 -0.00040034 -0.497606 0 0 -1e-07 0 0 -1.08107e-10 
91 -0.00146241 0.00137648 -0.370713 0 0 -1e-07 0 0 -1.09295e-10 
92 8.91212e-05 0.000175431 -0.383118 0 0 -1e-07 0 0 -1.10483e-10 
93 -0.00101473 -0.00279524 -0.33683 0 0 -1e-07 0 0 -1.11671e-10 
94 0.00247289 0.000303635 -0.381338 0 0 -1e-07 0 0 -1.12859e-10 
95 0.00176448 0.001602 -0.387616 0 0 -1e-07 0 0 -1.14047e-10 
96 -0.00112909 -0.001018 -0.540546 0 0 -1e-07 0 0 -1.15235e-10 
97 0.000366258 0.00138894 -0.475186 0 0 -1e-07 0 0 -1.16423e-10 
98 -0.000774574 -0.000163953 -0.385912 0 0 -1e-07 0 0 -1.17611e-10 
99 -0.00102087 0.000369382 -0.361017 0 0 -1e-07 0 0 -1.18799e-10 
100 0.00223674 0.000551425 -0.402724 0 0 -1e-07 0 0 -1.19987e-10 
101 0.000694452 -0.000493508 -0.352627 0 0 -1e-07 0 0 -1.21175e-10 
102 -8.63116e-05 -0.00217394 -0.463775 0 0 -1e-07 0 0 -1.22363e-10 
103 -0.000982074 -0.000919338 -0.466715 0 0 -1e-07 0 0 -1.23551e-10 
104 -0.000966228 0.00301967 -0.353857 0 0 -1e-07 0 0 -1.24739e-10 
105 0.000718857 -0.000669779 -0.313731 0 0 -1e-07 0 0 -1.25927e-10 
106 0.00219659 -0.000981842 -0.43012 0 0 -1e-07 0 0 -1.27115e-10 
107 0.000663961 -0.000253853 -0.346871 0 0 -1e-07 0 0 -1.28303e-10 
108 0.000292503 -0.000396483 -0.428954 0 0 -1e-07 0 0 -1.29491e-10 
109 0.000945936 0.00234973 -0.439479 0 0 -1e-07 0 0 -1.30679e-10 
110 0.00342846 -0.00184586 -0.492697 0 0 -1e-07 0 0 -1.31867e-10 
111 -0.00141249 -0.00200898 -0.448032 0 0 -1e-07 0 0 -1.33055e-10 
112 0.00204959 1.73897e-05 -0.456662 0 0 -1e-07 0 0 -1.34243e-10 
113 0.00178543 -0.000423052 -0.370478 0 0 -1e-07 0 0 -1.35431e-10 
114 0.000364883 -0.0012009 -0.403931 0 0 -1e-07 0 0 -1.36619e-10 
115 0.000328975 -0.00253968 -0.351319 0 0 -1e-07 0 0 -1.37807e-10 
116 -0.0014798 -0.00098946 -0.453718 0 0 -1e-07 0 0 -1.38995e-10 
117 0.000136825 0.00205108 -0.344763 0 0 -1e-07 0 0 -1.40183e-10 
118 0.000667956 -0.00136963 -0.41647 0 0 -1e-07 0 0 -1.41371e-10 
119 -0.00216977 0.000439328 -0.413749 0 0 -1e-07 0 0 -1.42559e-10 
120 0.00049299 -0.00133216 -0.412569 0 0 -1e-07 0 0 -1.43747e-10 
121 0.000571453 -0.000230295 -0.301475 0 0 -1e-07 0 0 -1.44935e-10 
122 0.000796868 0.000647378 -0.484593 0 0 -1e-07 0 0 -1.46123e-10 
123 0.0010415 0.000351174 -0.474181 0 0 -1e-07 0 0 -1.47311e-10 
124 0.000695962 0.000275336 -0.482405 0 0 -1e-07 0 0 -1.48499e-10 
125 0.000997536 -0.00448177 -0.486927 0 0 -1e-07 0 0 -1.49687e-10 
126 0.000655993 -0.00135484 -0.469944 0 0 -1e-07 0 0 -1.50875e-10 
127 0.00144357 -0.000474339 -0.486485 0 0 -1e-07 0 0 -1.52063e-10 
128 0.000348094 -0.00179459 -0.449345 0 0 -1e-07 0 0 -1.53251e-10 
129 0.000383297 -0.00239206 -0.48793 0 0 -1e-07 0 0 -1.54439e-10 
130 9.01065e-05 -0.000819854 -0.463662 0 0 -1e-07 0 0 -1.55627e-10 
131 0.000924826 0.000492852 -0.385444 0 0 -1e-07 0 0 -1.56815e-10 
132 -0.00105745 -0.00476065 -0.483391 0 0 -1e-07 0 0 -1.58003e-10 
133 0.000203095 -0.00241446 -0.346963 0 0 -1e-07 0 0 -1.59191e-10 
134 -0.000371768 0.000357949 -0.246191 0 0 -1e-07 0 0 -1.60379e-10 
135 -0.000855633 -0.000329778 -0.358472 0 0 -1e-07 0 0 -1.61567e-10 
136 0.000328461 -0.00134368 -0.430362 0 0 -1e-07 0 0 -1.62755e-10 
137 0.00354464 -0.00361752 -0.501846 0 0 -1e-07 0 0 -1.63943e-10 
138 0.00152716 -0.00198454 -0.559551 0 0 -1e-07 0 0 -1.65131e-10 
139 -0.000218857 0.00188063 -0.421645 0 0 -1e-07 0 0 -1.66319e-10 
140 0.000321467 -7.89293e-05 -0.503681 0 0 -1e-07 0 0 -1.67507e-10 
141 0.003576 0.00185841 -0.554978 0 0 -1e-07 0 0 -1.68695e-10 
142 -0.000356269 0.0010461 -0.343469 0 0 -1e-07 0 0 -1.69883e-10 
143 0.00048442 0.000772323 -0.339637 0 0 -1e-07 0 0 -1.71071e-10 
144 -0.00250155 -0.000716813 -0.349212 0 0 -1e-07 0 0 -1.72259e-10 
145 -3.32245e-05 -0.000918387 -0.435011 0 0 -1e-07 0 0 -1.73447e-10 
146 0.00175217 -0.00100935 -0.38397 0 0 -1e-07 0 0 -1.74635e-10 
147 0.000881279 -0.000201838 -0.280304 0 0 -1e-07 0 0 -1.75823e-10 
148 0.00140162 0.00239642 -0.678367 0 0 -1e-07 0 0 -1.77011e-10 
149 -0.000167908 -0.00275323 -0.496082 0 0 -1e-07 0 0 -1.78199e-10 
150 0.00192503 0.000521862 -0.417331 0 0 -1e-07 0 0 -1.79387e-10 
151 0.00232657 0.000931629 -0.438809 0 0 -1e-07 0 0 -1.80575e-10 
152 0.000320928 -0.000846326 -0.350664 0 0 -1e-07 0 0 -1.81763e-10 
153 -0.00208423 0.00152507 -0.44816 0 0 -1e-07 0 0 -1.82951e-10 
154 0.00359633 -0.000530402 -0.484787 0 0 -1e-07 0 0 -1.84139e-10 
155 0.00135628 0.00134185 -0.402709 0 0 -1e-07 0 0 -1.85327e-10 
156 6.53882e-05 -0.00196153 -0.521309 0 0 -1e-07 0 0 -1.86515e-10 
157 -0.00200717 -0.000851844 -0.288341 0 0 -1e-07 0 0 -1.87703e-10 
158 -0.000568242 -0.0021752 -0.405381 0 0 -1e-07 0 0 -1.88891e-10 
159 -0.000496678 -0.000894814 -0.417257 0 0 -1e-07 0 0 -1.90079e-10 
160 0.000781114 -0.00102501 -0.359603 0 0 -1e-07 0 0 -1.91267e-10 
161 -0.000376273 -0.00165185 -0.431686 0 0 -1e-07 0 0 -1.92455e-10 
162 -0.0014825 -0.00324097 -0.519679 0 0 -1e-07 0 0 -1.93643e-10 
163 0.00234212 0.00239164 -0.461996 0 0 -1e-07 0 0 -1.94831e-10 
164 0.0020354 0.000564995 -0.510925 0 0 -1e-07 0 0 -1.96019e-10 
165 0.00256838 -0.000165283 -0.439812 0 0 -1e-07 0 0 -1.97207e-10 
166 0.00080087 -0.000929883 -0.319439 0 0 -1e-07 0 0 -1.98395e-10 
167 -0.00293793 -0.0020741 -0.395027 0 0 -1e-07 0 0 -1.99583e-10 
168 0.000418181 -0.000113922 -0.357602 0 0 -1e-07 0 0 -2.00771e-10 
169 0.00105338 -0.000305065 -0.500361 0 0 -1e-07 0 0 -2.01959e-10 
170 -0.00112609 -0.00287566 -0.549278 0 0 -1e-07 0 0 -2.03147e-10 
171 -0.00278093 -0.00449358 -0.520128 0 0 -1e-07 0 0 -2.04335e-10 
172 0.000761948 -0.00235267 -0.363028 0 0 -1e-07 0 0 -2.05523e-10 
173 0.000393957 -0.0010893 -0.411796 0 0 -1e-07 0 0 -2.06711e-10 
174 0.00047654 0.00163075 -0.489082 0 0 -1e-07 0 0 -2.07899e-10 
175 -0.000166777 -0.00139749 -0.420919 0 0 -1e-07 0 0 -2.09087e-10 
176 -0.00159356 0.00108921 -0.445227 0 0 -1e-07 0 0 -2.10275e-10 
177 -0.000954025 0.00197665 -0.45185 0 0 -1e-07 0 0 -2.11463e-10 
178 -0.00483344 -0.00258193 -0.511268 0 0 -1e-07 0 0 -2.12651e-10 
179 -0.00184569 -0.00252201 -0.437516 0 0 -1e-07 0 0 -2.13839e-10 
180 -0.00499782 0.00222318 -0.452314 0 0 -1e-07 0 0 -2.15027e-10 
181 0.0010191 -0.00036984 -0.354714 0 0 -1e-07 0 0 -2.16215e-10 
182 -0.00144583 -0.00359626 -0.559679 0 0 -1e-07 0 0 -2.17403e-10 
183 -0.000468245 0.00171687 -0.572479 0 0 -1e-07 0 0 -2.18591e-10 
184 0.0028853 0.00132203 -0.606781 0 0 -1e-07 0 0 -2.19779e-10 
185 0.00303977 0.00114673 -0.55382 0 0 -1e-07 0 0 -2.20967e-10 
186 -0.000313513 0.00259702 -0.427822 0 0 -1e-07 0 0 -2.22155e-10 
187 -0.00203666 0.000273588 -0.469074 0 0 -1e-07 0 0 -2.23343e-10 
188 9.41326e-05 0.000484003 -0.322336 0 0 -1e-07 0 0 -2.24531e-10 
189 6.72329e-05 0.000132989 -0.478079 0 0 -1e-07 0 0 -2.25719e-10 
190 0.00147564 0.00133041 -0.459795 0 0 -1e-07 0 0 -2.26907e-10 
191 0.000607031 -0.000794662 -0.359812 0 0 -1e-07 0 0 -2.28095e-10 
192 -0.000188155 -0.00238758 -0.550431 0 0 -1e-07 0 0 -2.29283e-10 
193 -0.00112805 -0.000977852 -0.38407 0 0 -1e-07 0 0 -2.30471e-10 
194 -4.57426e-05 0.00290795 -0.355838 0 0 -1e-07 0 0 -2.31659e-10 
195 0.000101464 -5.20814e-05 -0.393146 0 0 -1e-07 0 0 -2.32847e-10 
196 -3.58337e-05 -0.00240466 -0.589511 0 0 -1e-07 0 0 -2.34035e-10 
197 -0.00142344 -0.000136828 -0.258062 0 0 -1e-07 0 0 -2.35223e-10 
198 -0.000101652 0.00100489 -0.388709 0 0 -1e-07 0 0 -2.36411e-10 
199 -0.00200947 -0.000344016 -0.507337 0 0 -1e-07 0 0 -2.37599e-10 
200 0.000630863 0.000944201 -0.430504 0 0 -1e-07 0 0 -2.38787e-10 
