# step Fx Fy Fz Vx Vy Vz Dx Dy Dz
0 0 0 0 0 0 -1e-07 0 0 -9.9e-13
1 0 0 0 0 0 -1e-07 0 0 -1.98e-12
2 0 0 0 0 0 -1e-07 0 0 -2.97e-12
3 0 0 0 0 0 -1e-07 0 0 -3.96e-12
4 0 0 0 0 0 -1e-07 0 0 -4.95e-12
5 0 0 0 0 0 -1e-07 0 0 -5.94e-12
6 0 0 0 0 0 -1e-07 0 0 -6.93e-12
7 0 0 0 0 0 -1e-07 0 0 -7.92e-12
8 0 0 0 0 0 -1e-07 0 0 -8.91e-12
9 0 0 0 0 0 -1e-07 0 0 -9.9e-12
10 0 0 0 0 0 -1e-07 0 0 -1.089e-11
11 0 0 0 0 0 -1e-07 0 0 -1.188e-11
12 0 0 0 0 0 -1e-07 0 0 -1.287e-11
13 0 0 0 0 0 -1e-07 0 0 -1.386e-11
14 0 0 0 0 0 -1e-07 0 0 -1.485e-11
15 0 0 0 0 0 -1e-07 0 0 -1.584e-11
16 0 0 0 0 0 -1e-07 0 0 -1.683e-11
17 0 0 0 0 0 -1e-07 0 0 -1.782e-11
18 0 0 0 0 0 -1e-07 0 0 -1.881e-11
19 0 0 0 0 0 -1e-07 0 0 -1.98e-11
20 0 0 0 0 0 -1e-07 0 0 -2.079e-11
21 0 0 0 0 0 -1e-07 0 0 -2.178e-11
22 0 0 0 0 0 -1e-07 0 0 -2.277e-11
23 0 0 0 0 0 -1e-07 0 0 -2.376e-11
24 0 0 0 0 0 -1e-07 0 0 -2.475e-11
25 0 0 0 0 0 -1e-07 0 0 -2.574e-11
26 0 0 0 0 0 -1e-07 0 0 -2.673e-11
27 1.26479e-10 -5.65003e-11 -0.0212739 0 0 -1e-07 0 0 -2.772e-11
28 0 0 0 0 0 -1e-07 0 0 -2.871e-11
29 -2.78127e-10 5.9832e-11 -0.0351646 0 0 -1e-07 0 0 -2.97e-11
30 -5.44251e-11 4.53088e-11 -0.0303801 0 0 -1e-07 0 0 -3.069e-11
31 1.60754e-10 8.44316e-11 -0.0188905 0 0 -1e-07 0 0 -3.168e-11
32 -9.8228e-11 -5.45802e-11 -0.0318644 0 0 -1e-07 0 0 -3.267e-11
33 7.02328e-05 8.63102e-05 -0.0600631 0 0 -1e-07 0 0 -3.366e-11
34 -1.70416e-06 9.94524e-07 -0.0320126 0 0 -1e-07 0 0 -3.465e-11
35 5.8778e-11 -1.92324e-11 -0.0259627 0 0 -1e-07 0 0 -3.564e-11
36 -2.00169e-11 -5.25999e-11 -0.0523657 0 0 -1e-07 0 0 -3.663e-11
37 -2.21477e-05 -4.27791e-05 -0.0560145 0 0 -1e-07 0 0 -3.762e-11
38 -3.13844e-06 -8.55431e-05 -0.0368852 0 0 -1e-07 0 0 -3.861e-11
39 -1.42685e-05 7.6019e-06 -0.0620418 0 0 -1e-07 0 0 -3.96e-11
40 -0.000191697 -0.000145189 -0.107457 0 0 -1e-07 0 0 -4.059e-11
41 -4.27284e-05 0.000172248 -0.171401 0 0 -1e-07 0 0 -4.158e-11
42 -0.000237912 -0.000102308 -0.0817795 0 0 -1e-07 0 0 -4.257e-11
43 -0.000187422 8.47987e-06 -0.183665 0 0 -1e-07 0 0 -4.356e-11
44 -0.000129736 -0.000280828 -0.183758 0 0 -1e-07 0 0 -4.455e-11
45 6.0411e-05 -0.000526604 -0.0687692 0 0 -1e-07 0 0 -4.554e-11
46 4.497e-05 9.61715e-05 -0.172317 0 0 -1e-07 0 0 -4.653e-11
47 0.000229511 0.000353597 -0.185908 0 0 -1e-07 0 0 -4.752e-11
48 0.000227035 -0.00010979 -0.135434 0 0 -1e-07 0 0 -4.851e-11
49 -0.000152626 8.77156e-05 -0.117852 0 0 -1e-07 0 0 -4.95e-11
50 0.00021659 -0.000316771 -0.152148 0 0 -1e-07 0 0 -5.049e-11
51 -1.32385e-05 1.02598e-05 -0.269066 0 0 -1e-07 0 0 -5.148e-11
52 -4.34213e-05 5.14602e-05 -0.139663 0 0 -1e-07 0 0 -5.247e-11
53 -4.40007e-05 -1.29337e-06 -0.120061 0 0 -1e-07 0 0 -5.346e-11
54 4.47438e-05 -0.000108233 -0.111073 0 0 -1e-07 0 0 -5.445e-11
55 -1.9362e-05 0.000783875 -0.354458 0 0 -1e-07 0 0 -5.544e-11
56 -0.000210974 0.000921932 -0.282713 0 0 -1e-07 0 0 -5.643e-11
57 0.000289241 -0.000222464 -0.233715 0 0 -1e-07 0 0 -5.742e-11
58 -8.40565e-05 -0.000130656 -0.191624 0 0 -1e-07 0 0 -5.841e-11
59 0.000120455 -0.000234973 -0.416094 0 0 -1e-07 0 0 -5.94e-11
60 -4.09412e-05 -0.000207179 -0.351076 0 0 -1e-07 0 0 -6.039e-11
61 -0.000461043 -0.00127421 -0.521286 0 0 -1e-07 0 0 -6.138e-11
62 -0.000345203 -0.000575989 -0.386437 0 0 -1e-07 0 0 -6.237e-11
63 0.000144949 -0.000514755 -0.253486 0 0 -1e-07 0 0 -6.336e-11
64 -0.000428016 0.000354915 -0.270524 0 0 -1e-07 0 0 -6.435e-11
65 -0.000135061 0.000292026 -0.302305 0 0 -1e-07 0 0 -6.534e-11
66 -0.000982545 -0.000300713 -0.394141 0 0 -1e-07 0 0 -6.633e-11
67 -0.000178219 -0.00124701 -0.429738 0 0 -1e-07 0 0 -6.732e-11
68 0.000849459 0.00027145 -0.354451 0 0 -1e-07 0 0 -6.831e-11
69 -0.000264733 0.000638838 -0.329693 0 0 -1e-07 0 0 -6.93e-11
70 -0.000127459 0.000190062 -0.380022 0 0 -1e-07 0 0 -7.029e-11
71 0.000668818 -0.000315212 -0.225161 0 0 -1e-07 0 0 -7.128e-11
72 -0.000717334 -0.000574952 -0.282715 0 0 -1e-07 0 0 -7.227e-11
73 0.000828777 0.000366065 -0.407783 0 0 -1e-07 0 0 -7.326e-11
74 0.000146351 -0.0013388 -0.453352 0 0 -1e-07 0 0 -7.425e-11
75 -0.00131609 0.000127692 -0.442277 0 0 -1e-07 0 0 -7.524e-11
76 -0.000554534 -0.000512425 -0.427999 0 0 -1e-07 0 0 -7.623e-11
77 0.000590613 -0.00118013 -0.467179 0 0 -1e-07 0 0 -7.722e-11
78 0.000135542 -0.00069183 -0.516255 0 0 -1e-07 0 0 -7.821e-11
79 -0.000379149 0.000178469 -0.469936 0 0 -1e-07 0 0 -7.92e-11
80 -0.00056707 -0.00108732 -0.344776 0 0 -1e-07 0 0 -8.019e-11
81 -0.000873639 -9.59428e-05 -0.305601 0 0 -1e-07 0 0 -8.118e-11
82 0.000997798 -0.000567986 -0.447041 0 0 -1e-07 0 0 -8.217e-11
83 0.000454173 -0.000531543 -0.339408 0 0 -1e-07 0 0 -8.316e-11
84 -0.00031705 0.000121621 -0.254508 0 0 -1e-07 0 0 -8.415e-11
85 -0.000118689 0.000515635 -0.386913 0 0 -1e-07 0 0 -8.514e-11
86 -0.000713445 -0.00134995 -0.408277 0 0 -1e-07 0 0 -8.613e-11
87 -0.000616437 -3.88006e-05 -0.320715 0 0 -1e-07 0 0 -8.712e-11
88 -0.00145608 -0.00105917 -0.287134 0 0 -1e-07 0 0 -8.811e-11
89 -4.4407e-05 0.000532621 -0.198568 0 0 -1e-07 0 0 -8.91e-11
90 0.0003784 0.000187111 -0.345093 0 0 -1e-07 0 0 -9.009e-11
91 -0.000507921 -0.00183745 -0.325114 0 0 -1e-07 0 0 -9.108e-11
92 0.000491179 -0.00199911 -0.602922 0 0 -1e-07 0 0 -9.207e-11
93 0.000578129 -1.96284e-05 -0.410628 0 0 -1e-07 0 0 -9.306e-11
94 5.55482e-06 0.000995991 -0.527021 0 0 -1e-07 0 0 -9.405e-11
95 0.00113959 0.00117994 -0.572053 0 0 -1e-07 0 0 -9.504e-11
96 -0.00053941 0.000230654 -0.429947 0 0 -1e-07 0 0 -9.603e-11
97 -0.001038 -0.000844814 -0.335602 0 0 -1e-07 0 0 -9.702e-11
98 0.000885672 0.000511322 -0.301595 0 0 -1e-07 0 0 -9.801e-11
99 0.000806675 -0.000583088 -0.300899 0 0 -1e-07 0 0 -9.9e-11
100 -0.000205765 -0.000959721 -0.24002 0 0 -1e-07 0 0 -9.999e-11
101 -0.000144925 -0.000217922 -0.467798 0 0 -1e-07 0 0 -1.0098e-10
102 0.000135573 -0.000728533 -0.458359 0 0 -1e-07 0 0 -1.0197e-10
103 0.000456799 0.000282589 -0.40472 0 0 -1e-07 0 0 -1.0296e-10
104 -0.00137062 0.000565855 -0.532279 0 0 -1e-07 0 0 -1.0395e-10
105 -0.00145074 -0.00194498 -0.402086 0 0 -1e-07 0 0 -1.0494e-10
106 -0.000360519 -0.0006413 -0.26842 0 0 -1e-07 0 0 -1.0593e-10
107 0.000449423 -0.00190997 -0.367991 0 0 -1e-07 0 0 -1.0692e-10
108 0.000551894 -0.00198002 -0.302424 0 0 -1e-07 0 0 -1.0791e-10
109 -0.00046851 0.0011941 -0.387579 0 0 -1e-07 0 0 -1.089e-10
110 -0.000548716 0.00028343 -0.350803 0 0 -1e-07 0 0 -1.0989e-10
111 0.0024691 -0.00118611 -0.531468 0 0 -1e-07 0 0 -1.1088e-10
112 -0.000643126 -0.000189355 -0.361745 0 0 -1e-07 0 0 -1.1187e-10
113 -0.000618301 -0.000570267 -0.524439 0 0 -1e-07 0 0 -1.1286e-10
114 0.000916279 -0.000733007 -0.268502 0 0 -1e-07 0 0 -1.1385e-10
115 0.000591526 -0.00088697 -0.387253 0 0 -1e-07 0 0 -1.1484e-10
116 -0.00090644 -0.00132415 -0.366246 0 0 -1e-07 0 0 -1.1583e-10
117 -0.00111134 -0.00122463 -0.502357 0 0 -1e-07 0 0 -1.1682e-10
118 0.00028367 0.000719929 -0.302173 0 0 -1e-07 0 0 -1.1781e-10
119 0.000363274 0.00107769 -0.360556 0 0 -1e-07 0 0 -1.188e-10
120 -0.000633402 0.000618086 -0.249545 0 0 -1e-07 0 0 -1.1979e-10
121 0.00114716 0.00100943 -0.453476 0 0 -1e-07 0 0 -1.2078e-10
122 -0.000935441 0.000521099 -0.459413 0 0 -1e-07 0 0 -1.2177e-10
123 -0.0020093 0.00045833 -0.587171 0 0 -1e-07 0 0 -1.2276e-10
124 -0.00022451 -0.00111862 -0.429559 0 0 -1e-07 0 0 -1.2375e-10
125 -0.00206405 -0.00113375 -0.432761 0 0 -1e-07 0 0 -1.2474e-10
126 -0.000935302 -0.00022466 -0.510142 0 0 -1e-07 0 0 -1.2573e-10
127 0.00179723 -0.00184521 -0.405706 0 0 -1e-07 0 0 -1.2672e-10
128 -0.000734729 -0.000998227 -0.393265 0 0 -1e-07 0 0 -1.2771e-10
129 -0.000213876 -0.000730214 -0.387322 0 0 -1e-07 0 0 -1.287e-10
130 0.000276729 0.000481174 -0.404143 0 0 -1e-07 0 0 -1.2969e-10
131 -0.000142387 0.00118328 -0.275625 0 0 -1e-07 0 0 -1.3068e-10
132 -0.000630833 -0.00120495 -0.350206 0 0 -1e-07 0 0 -1.3167e-10
133 -0.00209518 -0.00193639 -0.441636 0 0 -1e-07 0 0 -1.3266e-10
134 0.000572959 -0.000614824 -0.230125 0 0 -1e-07 0 0 -1.3365e-10
135 -0.000387873 0.00013506 -0.354554 0 0 -1e-07 0 0 -1.3464e-10
136 0.000300918 0.000236877 -0.314658 0 0 -1e-07 0 0 -1.3563e-10
137 -0.00135405 0.00029498 -0.42769 0 0 -1e-07 0 0 -1.3662e-10
138 -0.000972976 0.000788721 -0.373441 0 0 -1e-07 0 0 -1.3761e-10
139 -0.000139095 0.00176937 -0.27236 0 0 -1e-07 0 0 -1.386e-10
140 0.000447049 -0.000814785 -0.445504 0 0 -1e-07 0 0 -1.3959e-10
141 -0.00147054 -0.00106957 -0.620145 0 0 -1e-07 0 0 -1.4058e-10
142 -0.000874871 0.00137451 -0.380072 0 0 -1e-07 0 0 -1.4157e-10
143 -0.000744387 0.00152525 -0.34372 0 0 -1e-07 0 0 -1.4256e-10
144 2.36945e-05 0.000626942 -0.323076 0 0 -1e-07 0 0 -1.4355e-10
145 0.000224624 -0.000415082 -0.468529 0 0 -1e-07 0 0 -1.4454e-10
146 -0.00022548 -0.000915825 -0.432656 0 0 -1e-07 0 0 -1.4553e-10
147 0.000302989 0.00028808 -0.533069 0 0 -1e-07 0 0 -1.4652e-10
148 0.00116055 -0.00138393 -0.53236 0 0 -1e-07 0 0 -1.4751e-10
149 -0.000980195 0.00114996 -0.444214 0 0 -1e-07 0 0 -1.485e-10
150 -0.00199337 -0.00100911 -0.412753 0 0 -1e-07 0 0 -1.4949e-10
151 -0.000523898 -0.000104011 -0.152882 0 0 -1e-07 0 0 -1.5048e-10
152 0.000724575 -0.000767839 -0.294647 0 0 -1e-07 0 0 -1.5147e-10
153 0.000347229 0.00120878 -0.441604 0 0 -1e-07 0 0 -1.5246e-10
154 0.00123321 0.000959112 -0.392193 0 0 -1e-07 0 0 -1.5345e-10
155 0.000360356 0.00218446 -0.520823 0 0 -1e-07 0 0 -1.5444e-10
156 -0.00170176 0.00361448 -0.465595 0 0 -1e-07 0 0 -1.5543e-10
157 -0.00145435 -0.00121395 -0.394808 0 0 -1e-07 0 0 -1.5642e-10
158 0.000212436 -0.000894293 -0.206217 0 0 -1e-07 0 0 -1.5741e-10
159 -0.001714 -5.86141e-05 -0.417314 0 0 -1e-07 0 0 -1.584e-10
160 -0.00106079 -0.00118799 -0.420296 0 0 -1e-07 0 0 -1.5939e-10
161 -0.00168848 -0.0014903 -0.275076 0 0 -1e-07 0 0 -1.6038e-10
162 -0.00084181 -0.0005457 -0.475124 0 0 -1e-07 0 0 -1.6137e-10
163 0.000244408 0.000237145 -0.409133 0 0 -1e-07 0 0 -1.6236e-10
164 -0.000734672 0.000773105 -0.496779 0 0 -1e-07 0 0 -1.6335e-10
165 -0.00119753 0.0015657 -0.522996 0 0 -1e-07 0 0 -1.6434e-10
166 0.000402252 0.000710102 -0.392764 0 0 -1e-07 0 0 -1.6533e-10
167 -0.000944761 -0.0021109 -0.316746 0 0 -1e-07 0 0 -1.6632e-10
168 -0.00130127 0.00126894 -0.301959 0 0 -1e-07 0 0 -1.6731e-10
169 -0.000152862 -0.000700733 -0.263363 0 0 -1e-07 0 0 -1.683e-10
170 -0.000803952 0.000276026 -0.433017 0 0 -1e-07 0 0 -1.6929e-10
171 -0.00106842 5.49685e-05 -0.515753 0 0 -1e-07 0 0 -1.7028e-10
172 0.000216069 0.001898 -0.314483 0 0 -1e-07 0 0 -1.7127e-10
173 -0.00223323 0.00217637 -0.586831 0 0 -1e-07 0 0 -1.7226e-10
174 0.000948658 5.35035e-05 -0.544702 0 0 -1e-07 0 0 -1.7325e-10
175 -0.000377187 9.11848e-05 -0.42142 0 0 -1e-07 0 0 -1.7424e-10
176 -0.000941025 -0.00072206 -0.371944 0 0 -1e-07 0 0 -1.7523e-10
177 -0.000916944 4.64617e-05 -0.207521 0 0 -1e-07 0 0 -1.7622e-10
178 0.00209199 0.000363918 -0.452244 0 0 -1e-07 0 0 -1.7721e-10
179 0.000680263 0.000695808 -0.572863 0 0 -1e-07 0 0 -1.782e-10
180 -0.00121351 -0.00127634 -0.514791 0 0 -1e-07 0 0 -1.7919e-10
181 -0.0034862 0.000913371 -0.679332 0 0 -1e-07 0 0 -1.8018e-10
182 0.00051134 -0.000667331 -0.412286 0 0 -1e-07 0 0 -1.8117e-10
183 0.00200208 0.000510609 -0.40983 0 0 -1e-07 0 0 -1.8216e-10
184 0.00143481 -0.000760478 -0.352083 0 0 -1e-07 0 0 -1.8315e-10
185 -8.44448e-05 0.000416937 -0.317618 0 0 -1e-07 0 0 -1.8414e-10
186 -0.00104099 -0.0011789 -0.289833 0 0 -1e-07 0 0 -1.8513e-10
187 0.00237424 -0.00204988 -0.444015 0 0 -1e-07 0 0 -1.8612e-10
188 0.000637022 -0.00110522 -0.433131 0 0 -1e-07 0 0 -1.8711e-10
189 -0.00250793 -0.00147657 -0.571851 0 0 -1e-07 0 0 -1.881e-10
190 -0.000505592 -0.000241282 -0.326016 0 0 -1e-07 0 0 -1.8909e-10
191 -0.000511072 -0.0018352 -0.38878 0 0 -1e-07 0 0 -1.9008e-10
192 0.00121572 0.00181619 -0.340919 0 0 -1e-07 0 0 -1.9107e-10
193 -0.000812 -0.000933875 -0.361649 0 0 -1e-07 0 0 -1.9206e-10
194 0.000104721 -0.000321903 -0.350333 0 0 -1e-07 0 0 -1.9305e-10
195 0.000112275 0.000520057 -0.495864 0 0 -1e-07 0 0 -1.9404e-10
196 0.00104874 0.000296269 -0.61355 0 0 -1e-07 0 0 -1.9503e-10
197 -0.000319548 -0.00138028 -0.740446 0 0 -1e-07 0 0 -1.9602e-10
198 -0.000613033 0.00143675 -0.590805 0 0 -1e-07 0 0 -1.9701e-10
199 0.000280439 0.000648301 -0.417147 0 0 -1e-07 0 0 -1.98e-10
200 0.000940798 0.000646586 -0.326389 0 0 -1e-07 0 0 -1.9899e-10
