# step Fx Fy Fz Vx Vy Vz Dx Dy Dz 
0 0 0 0 0 0 -1e-07 0 0 -1.18799e-12 
1 0 0 0 0 0 -1e-07 0 0 -2.37599e-12 
2 0 0 0 0 0 -1e-07 0 0 -3.56398e-12 
3 0 0 0 0 0 -1e-07 0 0 -4.75198e-12 
4 0 0 0 0 0 -1e-07 0 0 -5.93997e-12 
5 0 0 0 0 0 -1e-07 0 0 -7.12796e-12 
6 0 0 0 0 0 -1e-07 0 0 -8.31596e-12 
7 0 0 0 0 0 -1e-07 0 0 -9.50395e-12 
8 0 0 0 0 0 -1e-07 0 0 -1.06919e-11 
9 0 0 0 0 0 -1e-07 0 0 -1.18799e-11 
10 0 0 0 0 0 -1e-07 0 0 -1.30679e-11 
11 0 0 0 0 0 -1e-07 0 0 -1.42559e-11 
12 0 0 0 0 0 -1e-07 0 0 -1.54439e-11 
13 0 0 0 0 0 -1e-07 0 0 -1.66319e-11 
14 0 0 0 0 0 -1e-07 0 0 -1.78199e-11 
15 0 0 0 0 0 -1e-07 0 0 -1.90079e-11 
16 0 0 0 0 0 -1e-07 0 0 -2.01959e-11 
17 0 0 0 0 0 -1e-07 0 0 -2.13839e-11 
18 0 0 0 0 0 -1e-07 0 0 -2.25719e-11 
19 0 0 0 0 0 -1e-07 0 0 -2.37599e-11 
20 0 0 0 0 0 -1e-07 0 0 -2.49479e-11 
21 0 0 0 0 0 -1e-07 0 0 -2.61359e-11 
22 0 0 0 0 0 -1e-07 0 0 -2.73239e-11 
23 2.698e-11 1.52147e-10 -0.0165688 0 0 -1e-07 0 0 -2.85119e-11 
24 1.12071e-10 -1.52284e-10 -0.0266072 0 0 -1e-07 0 0 -2.96999e-11 
25 -2.20571e-11 1.88103e-11 -0.0231467 0 0 -1e-07 0 0 -3.08878e-11 
26 -2.03952e-11 1.02593e-10 -0.0144856 0 0 -1e-07 0 0 -3.20758e-11 
27 8.94144e-11 4.74582e-11 -0.056502 0 0 -1e-07 0 0 -3.32638e-11 
28 6.43325e-12 1.66592e-10 -0.0240934 0 0 -1e-07 0 0 -3.44518e-11 
29 5.52932e-05 5.07551e-05 -0.015428 0 0 -1e-07 0 0 -3.56398e-11 
30 3.17631e-10 -1.38858e-10 -0.0602437 0 0 -1e-07 0 0 -3.68278e-11 
31 7.7516e-11 4.21317e-11 -0.0315622 0 0 -1e-07 0 0 -3.80158e-11 
32 -3.19759e-05 -8.64841e-05 -0.0632873 0 0 -1e-07 0 0 -3.92038e-11 
33 -7.43628e-06 -4.77383e-05 -0.072924 0 0 -1e-07 0 0 -4.03918e-11 
34 -0.000185231 -0.000211931 -0.124648 0 0 -1e-07 0 0 -4.15798e-11 
35 1.07235e-05 9.46945e-06 -0.0309573 0 0 -1e-07 0 0 -4.27678e-11 
36 -0.000195373 2.36943e-05 -0.20082 0 0 -1e-07 0 0 -4.39558e-11 
37 -0.000312558 -8.49444e-05 -0.104793 0 0 -1e-07 0 0 -4.51438e-11 
38 0.000138561 -0.00041279 -0.0772052 0 0 -1e-07 0 0 -4.63318e-11 
39 -5.16239e-05 -0.000259919 -0.226684 0 0 -1e-07 0 0 -4.75198e-11 
40 0.000445834 7.53511e-05 -0.103322 0 0 -1e-07 0 0 -4.87078e-11 
41 4.60399e-05 -4.51798e-05 -0.125155 0 0 -1e-07 0 0 -4.98958e-11 
42 5.59552e-05 9.15919e-06 -0.211011 0 0 -1e-07 0 0 -5.10837e-11 
43 -8.18451e-05 -0.000114164 -0.178099 0 0 -1e-07 0 0 -5.22717e-11 
44 -0.00014446 -0.000139196 -0.0636486 0 0 -1e-07 0 0 -5.34597e-11 
45 -8.46642e-05 -0.000225374 -0.152322 0 0 -1e-07 0 0 -5.46477e-11 
46 4.77595e-06 -0.000156468 -0.287236 0 0 -1e-07 0 0 -5.58357e-11 
47 0.00030317 0.00133312 -0.297167 0 0 -1e-07 0 0 -5.70237e-11 
48 0.00140732 0.00100242 -0.229165 0 0 -1e-07 0 0 -5.82117e-11 
49 0.000132001 8.71423e-05 -0.348163 0 0 -1e-07 0 0 -5.93997e-11 
50 -0.0012959 -0.000433569 -0.309932 0 0 -1e-07 0 0 -6.05877e-11 
51 0.00029395 0.000320145 -0.413757 0 0 -1e-07 0 0 -6.17757e-11 
52 -0.000488375 -0.00130382 -0.188935 0 0 -1e-07 0 0 -6.29637e-11 
53 -0.000290328 2.55618e-05 -0.219914 0 0 -1e-07 0 0 -6.41517e-11 
54 0.000280316 6.06215e-05 -0.237547 0 0 -1e-07 0 0 -6.53397e-11 
55 -0.000149486 0.00119244 -0.231565 0 0 -1e-07 0 0 -6.65277e-11 
56 8.90094e-05 0.00029803 -0.340478 0 0 -1e-07 0 0 -6.77157e-11 
57 -0.000782109 0.000326601 -0.386636 0 0 -1e-07 0 0 -6.89037e-11 
58 -0.000232341 0.000134584 -0.31506 0 0 -1e-07 0 0 -7.00917e-11 
59 0.000221572 -0.000197331 -0.366376 0 0 -1e-07 0 0 -7.12796e-11 
60 3.66297e-05 -0.00167557 -0.34585 0 0 -1e-07 0 0 -7.24676e-11 
61 -0.000128507 -4.83926e-05 -0.350779 0 0 -1e-07 0 0 -7.36556e-11 
62 0.00119761 0.00193574 -0.341567 0 0 -1e-07 0 0 -7.48436e-11 
63 0.00107925 0.00154147 -0.48631 0 0 -1e-07 0 0 -7.60316e-11 
64 0.00066659 -0.000292715 -0.326086 0 0 -1e-07 0 0 -7.72196e-11 
65 -0.00115982 -0.000554248 -0.235594 0 0 -1e-07 0 0 -7.84076e-11 
66 -0.00104199 0.000162717 -0.463175 0 0 -1e-07 0 0 -7.95956e-11 
67 9.69277e-06 -0.00027937 -0.223653 0 0 -1e-07 0 0 -8.07836e-11 
68 -8.18083e-05 -0.000440225 -0.284545 0 0 -1e-07 0 0 -8.19716e-11 
69 -0.0015773 0.00201578 -0.327544 0 0 -1e-07 0 0 -8.31596e-11 
70 0.000367201 0.000108508 -0.286557 0 0 -1e-07 0 0 -8.43476e-11 
71 -0.00106994 -0.000170273 -0.519359 0 0 -1e-07 0 0 -8.55356e-11 
72 -0.000121816 0.00109559 -0.504168 0 0 -1e-07 0 0 -8.67236e-11 
73 0.000613552 -0.000366108 -0.398451 0 0 -1e-07 0 0 -8.79116e-11 
74 -0.000336502 -0.00193854 -0.273176 0 0 -1e-07 0 0 -8.90996e-11 
75 0.000319831 -0.00108437 -0.332983 0 0 -1e-07 0 0 -9.02876e-11 
76 -0.000999577 -0.000178229 -0.377404 0 0 -1e-07 0 0 -9.14755e-11 
77 -3.14062e-05 -0.000453308 -0.266883 0 0 -1e-07 0 0 -9.26635e-11 
78 0.00151481 0.000409839 -0.321696 0 0 -1e-07 0 0 -9.38515e-11 
79 -4.95068e-05 0.000525741 -0.378049 0 0 -1e-07 0 0 -9.50395e-11 
80 -0.00129318 -0.000924998 -0.291576 0 0 -1e-07 0 0 -9.62275e-11 
81 0.000999812 -0.000420855 -0.406696 0 0 -1e-07 0 0 -9.74155e-11 
82 0.00127367 0.000852448 -0.32822 0 0 -1e-07 0 0 -9.86035e-11 
83 0.00149803 0.000467081 -0.416957 0 0 -1e-07 0 0 -9.97915e-11 
84 0.000335042 -0.00124761 -0.442016 0 0 -1e-07 0 0 -1.0098e-10 
85 -0.000138215 -0.00260824 -0.37897 0 0 -1e-07 0 0 -1.02167e-10 
86 0.000259049 -0.000529028 -0.244186 0 0 -1e-07 0 0 -1.03355e-10 
87 0.00027427 -0.000327633 -0.292585 0 0 -1e-07 0 0 -1.04543e-10 
88 0.000459666 3.42227e-05 -0.329366 0 0 -1e-07 0 0 -1.05731e-10 
89 -6.62583e-05 -0.000135573 -0.422049 0 0 -1e-07 0 0 -1.06919e-10 
90 -0.000152083 -0.00107476 -0.394895 0 0 -1e-07 0 0 -1.08107e-10 
91 -0.00033361 0.00118613 -0.457489 0 0 -1e-07 0 0 -1.09295e-10 
92 0.00110399 0.00104394 -0.336064 0 0 -1e-07 0 0 -1.10483e-10 
93 0.000492188 -0.00144128 -0.43363 0 0 -1e-07 0 0 -1.11671e-10 
94 0.000378357 0.00122393 -0.334506 0 0 -1e-07 0 0 -1.12859e-10 
95 -0.000540208 -0.000586545 -0.332106 0 0 -1e-07 0 0 -1.14047e-10 
96 -0.00124016 -0.00263911 -0.321864 0 0 -1e-07 0 0 -1.15235e-10 
97 0.000131074 -0.00216376 -0.326637 0 0 -1e-07 0 0 -1.16423e-10 
98 -0.00103947 -0.000658267 -0.375943 0 0 -1e-07 0 0 -1.17611e-10 
99 0.000548779 -0.000891201 -0.327544 0 0 -1e-07 0 0 -1.18799e-10 
100 0.000601839 -0.000145365 -0.43536 0 0 -1e-07 0 0 -1.19987e-10 
101 -0.000833468 -0.00174428 -0.404304 0 0 -1e-07 0 0 -1.21175e-10 
102 0.00106186 0.000396514 -0.352117 0 0 -1e-07 0 0 -1.22363e-10 
103 0.000461098 0.000531873 -0.425068 0 0 -1e-07 0 0 -1.23551e-10 
104 0.000837121 -0.00324787 -0.359691 0 0 -1e-07 0 0 -1.24739e-10 
105 0.000204986 -0.000578116 -0.387175 0 0 -1e-07 0 0 -1.25927e-10 
106 0.00150876 -0.000179681 -0.266223 0 0 -1e-07 0 0 -1.27115e-10 
107 0.00193644 0.00118684 -0.422915 0 0 -1e-07 0 0 -1.28303e-10 
108 0.00329352 -0.00023267 -0.328168 0 0 -1e-07 0 0 -1.29491e-10 
109 0.00111889 -0.00205497 -0.284555 0 0 -1e-07 0 0 -1.30679e-10 
110 -0.000279798 -0.000249141 -0.213277 0 0 -1e-07 0 0 -1.31867e-10 
111 0.000374062 -0.000993738 -0.503252 0 0 -1e-07 0 0 -1.33055e-10 
112 -0.00100998 -0.000646567 -0.284486 0 0 -1e-07 0 0 -1.34243e-10 
113 0.0002309 -0.000456052 -0.378313 0 0 -1e-07 0 0 -1.35431e-10 
114 0.000366148 0.00105055 -0.513277 0 0 -1e-07 0 0 -1.36619e-10 
115 0.000534428 -0.00168192 -0.333058 0 0 -1e-07 0 0 -1.37807e-10 
116 0.000511671 0.00146802 -0.362569 0 0 -1e-07 0 0 -1.38995e-10 
117 0.000436576 -0.00332667 -0.37196 0 0 -1e-07 0 0 -1.40183e-10 
118 0.00195231 -0.00109375 -0.30711 0 0 -1e-07 0 0 -1.41371e-10 
119 0.000742976 -0.000267413 -0.315645 0 0 -1e-07 0 0 -1.42559e-10 
120 0.00165692 0.000594657 -0.391848 0 0 -1e-07 0 0 -1.43747e-10 
121 0.00292333 -0.000711965 -0.432746 0 0 -1e-07 0 0 -1.44935e-10 
122 0.000359333 0.00040689 -0.531971 0 0 -1e-07 0 0 -1.46123e-10 
123 -0.001157 -0.00200313 -0.375241 0 0 -1e-07 0 0 -1.47311e-10 
124 0.00107621 -0.000839734 -0.367413 0 0 -1e-07 0 0 -1.48499e-10 
125 -0.000358261 -0.00353229 -0.433167 0 0 -1e-07 0 0 -1.49687e-10 
126 0.00154767 -0.00169752 -0.320572 0 0 -1e-07 0 0 -1.50875e-10 
127 0.00197298 0.000329592 -0.399452 0 0 -1e-07 0 0 -1.52063e-10 
128 0.00303637 0.00073798 -0.282353 0 0 -1e-07 0 0 -1.53251e-10 
129 -0.000784964 -0.00160481 -0.532281 0 0 -1e-07 0 0 -1.54439e-10 
130 -8.96837e-05 -0.000436989 -0.338424 0 0 -1e-07 0 0 -1.55627e-10 
131 0.000519659 -0.000580833 -0.268242 0 0 -1e-07 0 0 -1.56815e-10 
132 0.00193749 -0.000437826 -0.236954 0 0 -1e-07 0 0 -1.58003e-10 
133 -0.000263818 -0.00158981 -0.453759 0 0 -1e-07 0 0 -1.59191e-10 
134 -0.00170926 -0.00178839 -0.376777 0 0 -1e-07 0 0 -1.60379e-10 
135 -0.00113662 -0.000913864 -0.243938 0 0 -1e-07 0 0 -1.61567e-10 
136 -1.0549e-05 6.2213e-05 -0.322225 0 0 -1e-07 0 0 -1.62755e-10 
137 -0.000943837 -0.000957341 -0.21459 0 0 -1e-07 0 0 -1.63943e-10 
138 0.000951988 -0.000836434 -0.336475 0 0 -1e-07 0 0 -1.65131e-10 
139 0.000969666 -0.00073485 -0.421761 0 0 -1e-07 0 0 -1.66319e-10 
140 0.000539034 -0.00017274 -0.33557 0 0 -1e-07 0 0 -1.67507e-10 
141 0.00174709 8.3408e-05 -0.406927 0 0 -1e-07 0 0 -1.68695e-10 
142 0.000631729 -0.00391345 -0.419663 0 0 -1e-07 0 0 -1.69883e-10 
143 -0.000801448 -0.0024745 -0.506529 0 0 -1e-07 0 0 -1.71071e-10 
144 -0.000527047 0.000260704 -0.235244 0 0 -1e-07 0 0 -1.72259e-10 
145 0.000650623 -0.00154213 -0.293076 0 0 -1e-07 0 0 -1.73447e-10 
146 -0.00010025 0.000878142 -0.388089 0 0 -1e-07 0 0 -1.74635e-10 
147 0.000148755 -0.000577445 -0.407448 0 0 -1e-07 0 0 -1.75823e-10 
148 0.000406951 -0.00292883 -0.605718 0 0 -1e-07 0 0 -1.77011e-10 
149 0.000927663 0.000321563 -0.443649 0 0 -1e-07 0 0 -1.78199e-10 
150 -0.00143833 -0.000250996 -0.442054 0 0 -1e-07 0 0 -1.79387e-10 
151 -0.00345048 -0.00429782 -0.488701 0 0 -1e-07 0 0 -1.80575e-10 
152 0.000666569 0.000846961 -0.301555 0 0 -1e-07 0 0 -1.81763e-10 
153 0.000458969 -0.000285585 -0.146973 0 0 -1e-07 0 0 -1.82951e-10 
154 0.000393362 0.00106535 -0.223324 0 0 -1e-07 0 0 -1.84139e-10 
155 0.00069763 0.00219819 -0.421935 0 0 -1e-07 0 0 -1.85327e-10 
156 0.00037383 -0.00049567 -0.458411 0 0 -1e-07 0 0 -1.86515e-10 
157 0.00332181 -0.000668834 -0.418735 0 0 -1e-07 0 0 -1.87703e-10 
158 0.00183964 -0.000509733 -0.480864 0 0 -1e-07 0 0 -1.88891e-10 
159 -0.00283091 -0.00558833 -0.535388 0 0 -1e-07 0 0 -1.90079e-10 
160 -0.00132433 -0.000134429 -0.36661 0 0 -1e-07 0 0 -1.91267e-10 
161 0.000480647 0.000567403 -0.427792 0 0 -1e-07 0 0 -1.92455e-10 
162 0.000457672 0.000564777 -0.30507 0 0 -1e-07 0 0 -1.93643e-10 
163 0.00187081 -0.00101741 -0.323771 0 0 -1e-07 0 0 -1.94831e-10 
164 -0.000858798 -0.00104361 -0.307782 0 0 -1e-07 0 0 -1.96019e-10 
165 -0.000290846 0.000221635 -0.388703 0 0 -1e-07 0 0 -1.97207e-10 
166 0.000431433 -0.000638392 -0.508714 0 0 -1e-07 0 0 -1.98395e-10 
167 -9.7367e-05 -0.000136989 -0.278013 0 0 -1e-07 0 0 -1.99583e-10 
168 -0.000168468 -0.00161739 -0.337663 0 0 -1e-07 0 0 -2.00771e-10 
169 -0.00109171 0.00163669 -0.510222 0 0 -1e-07 0 0 -2.01959e-10 
170 -0.000257062 0.00178688 -0.534591 0 0 -1e-07 0 0 -2.03147e-10 
171 -0.00158036 0.00067744 -0.488373 0 0 -1e-07 0 0 -2.04335e-10 
172 -0.000749924 0.00144022 -0.403525 0 0 -1e-07 0 0 -2.05523e-10 
173 0.00171969 -0.000196385 -0.426335 0 0 -1e-07 0 0 -2.06711e-10 
174 0.0029395 -0.00142874 -0.416861 0 0 -1e-07 0 0 -2.07899e-10 
175 0.000389734 -0.00241749 -0.422243 0 0 -1e-07 0 0 -2.09087e-10 
176 0.000610808 -0.00114824 -0.358961 0 0 -1e-07 0 0 -2.10275e-10 
177 -0.00253155 -0.000713825 -0.327117 0 0 -1e-07 0 0 -2.11463e-10 
178 -0.00120687 0.000159714 -0.305929 0 0 -1e-07 0 0 -2.12651e-10 
179 -0.00089045 0.000161288 -0.326527 0 0 -1e-07 0 0 -2.13839e-10 
180 0.000371716 0.00144908 -0.376803 0 0 -1e-07 0 0 -2.15027e-10 
181 -0.00268926 -0.00101487 -0.526428 0 0 -1e-07 0 0 -2.16215e-10 
182 -0.0044665 -0.000491136 -0.56222 0 0 -1e-07 0 0 -2.17403e-10 
183 0.000392905 -0.00289256 -0.494219 0 0 -1e-07 0 0 -2.18591e-10 
184 -0.000810999 -0.00300981 -0.427907 0 0 -1e-07 0 0 -2.19779e-10 
185 0.00074124 1.87808e-05 -0.418314 0 0 -1e-07 0 0 -2.20967e-10 
186 -0.00101284 -0.00135599 -0.371745 0 0 -1e-07 0 0 -2.22155e-10 
187 0.00038796 -0.000802203 -0.273154 0 0 -1e-07 0 0 -2.23343e-10 
188 -0.000196266 -0.00156601 -0.328522 0 0 -1e-07 0 0 -2.24531e-10 
189 -5.59968e-05 -0.00021101 -0.462219 0 0 -1e-07 0 0 -2.25719e-10 
190 -0.000615972 -0.00249932 -0.46786 0 0 -1e-07 0 0 -2.26907e-10 
191 2.34588e-05 -0.00111338 -0.629836 0 0 -1e-07 0 0 -2.28095e-10 
192 0.00157654 -0.00124733 -0.404579 0 0 -1e-07 0 0 -2.29283e-10 
193 0.0020293 -0.00222872 -0.402343 0 0 -1e-07 0 0 -2.30471e-10 
194 -0.00014135 -0.000504364 -0.299156 0 0 -1e-07 0 0 -2.31659e-10 
195 0.000628243 0.000823017 -0.405639 0 0 -1e-07 0 0 -2.32847e-10 
196 0.000232226 -0.00236814 -0.33655 0 0 -1e-07 0 0 -2.34035e-10 
197 -0.000321849 0.000691472 -0.372297 0 0 -1e-07 0 0 -2.35223e-10 
198 -0.00107106 0.000221462 -0.33653 0 0 -1e-07 0 0 -2.36411e-10 
199 0.0016322 0.0012926 -0.443099 0 0 -1e-07 0 0 -2.37599e-10 
200 0.00292839 -0.000208748 -0.489594 0 0 -1e-07 0 0 -2.38787e-10 
