# step Fx Fy Fz Vx Vy Vz Dx Dy Dz 
0 0 0 0 0 0 -1e-07 0 0 -9.9e-13 
1 0 0 0 0 0 -1e-07 0 0 -1.98e-12 
2 0 0 0 0 0 -1e-07 0 0 -2.97e-12 
3 0 0 0 0 0 -1e-07 0 0 -3.96e-12 
4 0 0 0 0 0 -1e-07 0 0 -4.95e-12 
5 0 0 0 0 0 -1e-07 0 0 -5.94e-12 
6 0 0 0 0 0 -1e-07 0 0 -6.93e-12 
7 0 0 0 0 0 -1e-07 0 0 -7.92e-12 
8 0 0 0 0 0 -1e-07 0 0 -8.91e-12 
9 0 0 0 0 0 -1e-07 0 0 -9.9e-12 
10 0 0 0 0 0 -1e-07 0 0 -1.089e-11 
11 0 0 0 0 0 -1e-07 0 0 -1.188e-11 
12 0 0 0 0 0 -1e-07 0 0 -1.287e-11 
13 0 0 0 0 0 -1e-07 0 0 -1.386e-11 
14 0 0 0 0 0 -1e-07 0 0 -1.485e-11 
15 0 0 0 0 0 -1e-07 0 0 -1.584e-11 
16 0 0 0 0 0 -1e-07 0 0 -1.683e-11 
17 0 0 0 0 0 -1e-07 0 0 -1.782e-11 
18 0 0 0 0 0 -1e-07 0 0 -1.881e-11 
19 0 0 0 0 0 -1e-07 0 0 -1.98e-11 
20 0 0 0 0 0 -1e-07 0 0 -2.079e-11 
21 0 0 0 0 0 -1e-07 0 0 -2.178e-11 
22 0 0 0 0 0 -1e-07 0 0 -2.277e-11 
23 0 0 0 0 0 -1e-07 0 0 -2.376e-11 
24 0 0 0 0 0 -1e-07 0 0 -2.475e-11 
25 0 0 0 0 0 -1e-07 0 0 -2.574e-11 
26 0 0 0 0 0 -1e-07 0 0 -2.673e-11 
27 2.65146e-12 3.53143e-11 -0.025326 0 0 -1e-07 0 0 -2.772e-11 
28 0 0 0 0 0 -1e-07 0 0 -2.871e-11 
29 6.30935e-10 -3.68958e-10 -0.0418626 0 0 -1e-07 0 0 -2.97e-11 
30 -2.25197e-10 6.04461e-11 -0.0361668 0 0 -1e-07 0 0 -3.069e-11 
31 3.099e-10 1.29204e-10 -0.0224887 0 0 -1e-07 0 0 -3.168e-11 
32 -3.3355e-11 -8.04717e-10 -0.0379338 0 0 -1e-07 0 0 -3.267e-11 
33 0.000112253 9.0284e-05 -0.0732594 0 0 -1e-07 0 0 -3.366e-11 
34 -1.9299e-06 2.36709e-06 -0.0381012 0 0 -1e-07 0 0 -3.465e-11 
35 3.46885e-10 -6.98503e-11 -0.0309079 0 0 -1e-07 0 0 -3.564e-11 
36 0.000132366 7.69971e-05 -0.0811236 0 0 -1e-07 0 0 -3.663e-11 
37 -0.000109503 -0.000276946 -0.10092 0 0 -1e-07 0 0 -3.762e-11 
38 6.86871e-06 -6.26591e-05 -0.0553717 0 0 -1e-07 0 0 -3.861e-11 
39 -2.3161e-05 0.000149999 -0.0677644 0 0 -1e-07 0 0 -3.96e-11 
40 -5.112e-05 -0.000229979 -0.130448 0 0 -1e-07 0 0 -4.059e-11 
41 -0.000191089 2.00614e-06 -0.177796 0 0 -1e-07 0 0 -4.158e-11 
42 -2.56398e-05 -0.000117049 -0.10226 0 0 -1e-07 0 0 -4.257e-11 
43 9.94965e-05 -0.000712332 -0.201765 0 0 -1e-07 0 0 -4.356e-11 
44 -0.00035332 -0.000610062 -0.232417 0 0 -1e-07 0 0 -4.455e-11 
45 0.000221061 -0.000460632 -0.0621777 0 0 -1e-07 0 0 -4.554e-11 
46 -0.000567422 -0.000379179 -0.265804 0 0 -1e-07 0 0 -4.653e-11 
47 0.0014399 -0.000406389 -0.298085 0 0 -1e-07 0 0 -4.752e-11 
48 0.000213715 -0.000518764 -0.115573 0 0 -1e-07 0 0 -4.851e-11 
49 0.000323876 0.000721148 -0.145654 0 0 -1e-07 0 0 -4.95e-11 
50 -0.000510934 -0.000205726 -0.188111 0 0 -1e-07 0 0 -5.049e-11 
51 -0.000955399 0.000405611 -0.391332 0 0 -1e-07 0 0 -5.148e-11 
52 5.11817e-05 0.00152431 -0.271007 0 0 -1e-07 0 0 -5.247e-11 
53 -0.000764497 -0.00120393 -0.213217 0 0 -1e-07 0 0 -5.346e-11 
54 0.00156461 -0.00108992 -0.297825 0 0 -1e-07 0 0 -5.445e-11 
55 0.000565175 -0.000604088 -0.335908 0 0 -1e-07 0 0 -5.544e-11 
56 -0.000536475 0.000341691 -0.324642 0 0 -1e-07 0 0 -5.643e-11 
57 0.000823314 0.000205177 -0.22002 0 0 -1e-07 0 0 -5.742e-11 
58 -0.000669431 -0.00256145 -0.271955 0 0 -1e-07 0 0 -5.841e-11 
59 0.00160037 -0.00193444 -0.495436 0 0 -1e-07 0 0 -5.94e-11 
60 0.000317778 0.000666044 -0.590335 0 0 -1e-07 0 0 -6.039e-11 
61 -0.000519833 0.000297494 -0.542247 0 0 -1e-07 0 0 -6.138e-11 
62 -0.000435081 -0.000992883 -0.325786 0 0 -1e-07 0 0 -6.237e-11 
63 0.00031312 -0.000525171 -0.340637 0 0 -1e-07 0 0 -6.336e-11 
64 0.000496592 -0.00129802 -0.694328 0 0 -1e-07 0 0 -6.435e-11 
65 -0.00184868 -0.00136917 -0.447371 0 0 -1e-07 0 0 -6.534e-11 
66 -0.000468484 0.00140572 -0.397341 0 0 -1e-07 0 0 -6.633e-11 
67 0.000785981 0.00028778 -0.4048 0 0 -1e-07 0 0 -6.732e-11 
68 0.000166163 -0.00106564 -0.505667 0 0 -1e-07 0 0 -6.831e-11 
69 -0.00123813 -0.00184719 -0.366255 0 0 -1e-07 0 0 -6.93e-11 
70 0.00166512 -0.00143647 -0.408073 0 0 -1e-07 0 0 -7.029e-11 
71 -0.000771611 -0.000986798 -0.404152 0 0 -1e-07 0 0 -7.128e-11 
72 0.00163604 -0.000493242 -0.454927 0 0 -1e-07 0 0 -7.227e-11 
73 0.000744938 -0.000887813 -0.662033 0 0 -1e-07 0 0 -7.326e-11 
74 0.00337159 -0.000306617 -0.551481 0 0 -1e-07 0 0 -7.425e-11 
75 -0.000471625 0.000180095 -0.61715 0 0 -1e-07 0 0 -7.524e-11 
76 0.00181793 -0.00194627 -0.556258 0 0 -1e-07 0 0 -7.623e-11 
77 -0.00234963 -0.00131737 -0.500769 0 0 -1e-07 0 0 -7.722e-11 
78 0.00336903 -0.000911872 -0.489975 0 0 -1e-07 0 0 -7.821e-11 
79 -0.000517945 -0.000887285 -0.467423 0 0 -1e-07 0 0 -7.92e-11 
80 -0.000617288 -0.000373569 -0.471581 0 0 -1e-07 0 0 -8.019e-11 
81 -0.000322207 -0.00351542 -0.57562 0 0 -1e-07 0 0 -8.118e-11 
82 0.000322762 0.00111016 -0.531629 0 0 -1e-07 0 0 -8.217e-11 
83 4.22461e-05 7.20687e-05 -0.416637 0 0 -1e-07 0 0 -8.316e-11 
84 0.00151806 0.000173891 -0.612794 0 0 -1e-07 0 0 -8.415e-11 
85 0.00216244 -0.00040086 -0.505075 0 0 -1e-07 0 0 -8.514e-11 
86 -0.000146456 0.000473794 -0.430957 0 0 -1e-07 0 0 -8.613e-11 
87 0.00222184 -0.00136718 -0.380625 0 0 -1e-07 0 0 -8.712e-11 
88 0.000419243 -0.00114191 -0.681909 0 0 -1e-07 0 0 -8.811e-11 
89 -0.000484949 0.00200172 -0.45643 0 0 -1e-07 0 0 -8.91e-11 
90 0.00138208 -0.000951448 -0.630179 0 0 -1e-07 0 0 -9.009e-11 
91 0.00247702 0.000773635 -0.554016 0 0 -1e-07 0 0 -9.108e-11 
92 0.000569498 -0.00188671 -0.651596 0 0 -1e-07 0 0 -9.207e-11 
93 0.00072247 -1.57963e-05 -0.668948 0 0 -1e-07 0 0 -9.306e-11 
94 0.000394399 -0.00112357 -0.516806 0 0 -1e-07 0 0 -9.405e-11 
95 -0.00186644 0.00052898 -0.322311 0 0 -1e-07 0 0 -9.504e-11 
96 -0.00134188 0.00121074 -0.530628 0 0 -1e-07 0 0 -9.603e-11 
97 0.000206222 0.00243777 -0.501188 0 0 -1e-07 0 0 -9.702e-11 
98 -0.000277269 -0.00148895 -0.594977 0 0 -1e-07 0 0 -9.801e-11 
99 0.00163475 -0.00243725 -0.610412 0 0 -1e-07 0 0 -9.9e-11 
100 0.00023542 0.00149535 -0.426947 0 0 -1e-07 0 0 -9.999e-11 
101 0.000870941 0.00210133 -0.711641 0 0 -1e-07 0 0 -1.0098e-10 
102 -1.18298e-05 0.00251589 -0.409226 0 0 -1e-07 0 0 -1.0197e-10 
103 0.00105533 0.00165825 -0.276496 0 0 -1e-07 0 0 -1.0296e-10 
104 0.00184858 -2.32542e-05 -0.456555 0 0 -1e-07 0 0 -1.0395e-10 
105 0.000560854 0.00137283 -0.457697 0 0 -1e-07 0 0 -1.0494e-10 
106 -0.000762412 -0.00116054 -0.638331 0 0 -1e-07 0 0 -1.0593e-10 
107 0.00287416 -0.00464053 -0.757918 0 0 -1e-07 0 0 -1.0692e-10 
108 0.00222179 -0.00529082 -0.809806 0 0 -1e-07 0 0 -1.0791e-10 
109 -0.000907238 -0.00041551 -0.623148 0 0 -1e-07 0 0 -1.089e-10 
110 0.00130755 -0.00100695 -0.458095 0 0 -1e-07 0 0 -1.0989e-10 
111 -0.000428676 0.000875817 -0.589575 0 0 -1e-07 0 0 -1.1088e-10 
112 -0.00119129 0.000205888 -0.594472 0 0 -1e-07 0 0 -1.1187e-10 
113 0.000710417 0.00109211 -0.383816 0 0 -1e-07 0 0 -1.1286e-10 
114 -0.00161078 -0.00286401 -0.638579 0 0 -1e-07 0 0 -1.1385e-10 
115 0.00151789 0.00112195 -0.512885 0 0 -1e-07 0 0 -1.1484e-10 
116 -0.00075151 0.00298592 -0.452525 0 0 -1e-07 0 0 -1.1583e-10 
117 0.0024585 0.00117084 -0.5311 0 0 -1e-07 0 0 -1.1682e-10 
118 0.00171576 0.00270128 -0.55917 0 0 -1e-07 0 0 -1.1781e-10 
119 0.00372094 0.002359 -0.540401 0 0 -1e-07 0 0 -1.188e-10 
120 0.00156099 -0.000308567 -0.447739 0 0 -1e-07 0 0 -1.1979e-10 
121 0.000719108 -0.0029108 -0.614599 0 0 -1e-07 0 0 -1.2078e-10 
122 -0.000406557 -0.00251176 -0.629844 0 0 -1e-07 0 0 -1.2177e-10 
123 -0.00113668 0.00177796 -0.451955 0 0 -1e-07 0 0 -1.2276e-10 
124 0.000279798 0.00192137 -0.697289 0 0 -1e-07 0 0 -1.2375e-10 
125 0.00223208 -0.000513202 -0.603983 0 0 -1e-07 0 0 -1.2474e-10 
126 0.00198513 0.00172919 -0.47564 0 0 -1e-07 0 0 -1.2573e-10 
127 -0.00349217 -0.000860359 -0.440999 0 0 -1e-07 0 0 -1.2672e-10 
128 -0.00129612 0.000827962 -0.594896 0 0 -1e-07 0 0 -1.2771e-10 
129 -0.00107221 -0.00437483 -0.661177 0 0 -1e-07 0 0 -1.287e-10 
130 -0.00102984 0.00173014 -0.47493 0 0 -1e-07 0 0 -1.2969e-10 
131 -0.00105422 0.00129622 -0.742153 0 0 -1e-07 0 0 -1.3068e-10 
132 -0.0009907 -0.0065002 -0.580821 0 0 -1e-07 0 0 -1.3167e-10 
133 -0.00156696 0.000123066 -0.433727 0 0 -1e-07 0 0 -1.3266e-10 
134 -0.00109832 0.00103498 -0.486682 0 0 -1e-07 0 0 -1.3365e-10 
135 0.00215321 0.00112227 -0.383758 0 0 -1e-07 0 0 -1.3464e-10 
136 0.00321858 -0.00166663 -0.802238 0 0 -1e-07 0 0 -1.3563e-10 
137 -0.00461216 0.000831887 -0.699727 0 0 -1e-07 0 0 -1.3662e-10 
138 -0.00166726 -0.00328523 -0.344594 0 0 -1e-07 0 0 -1.3761e-10 
139 -0.00511407 0.00385576 -0.669463 0 0 -1e-07 0 0 -1.386e-10 
140 0.000603889 0.00114553 -0.579235 0 0 -1e-07 0 0 -1.3959e-10 
141 0.000901106 0.000102181 -0.56611 0 0 -1e-07 0 0 -1.4058e-10 
142 0.0008722 0.000128411 -0.537169 0 0 -1e-07 0 0 -1.4157e-10 
143 0.000184256 -0.00101568 -0.450863 0 0 -1e-07 0 0 -1.4256e-10 
144 -0.000516389 -0.00338274 -0.702932 0 0 -1e-07 0 0 -1.4355e-10 
145 -0.00116433 -0.00241369 -0.491153 0 0 -1e-07 0 0 -1.4454e-10 
146 0.000948518 0.00188268 -0.687786 0 0 -1e-07 0 0 -1.4553e-10 
147 -0.00152019 -0.00459911 -0.829448 0 0 -1e-07 0 0 -1.4652e-10 
148 -0.00303964 0.00138236 -0.598713 0 0 -1e-07 0 0 -1.4751e-10 
149 -0.000465274 -0.00244731 -0.663076 0 0 -1e-07 0 0 -1.485e-10 
150 0.00484705 -0.00140793 -0.546662 0 0 -1e-07 0 0 -1.4949e-10 
151 -0.000527698 0.000964456 -0.491988 0 0 -1e-07 0 0 -1.5048e-10 
152 -0.00472864 0.00085188 -0.697462 0 0 -1e-07 0 0 -1.5147e-10 
153 -0.00160961 0.000469158 -0.575218 0 0 -1e-07 0 0 -1.5246e-10 
154 -0.00129707 0.000304277 -0.570065 0 0 -1e-07 0 0 -1.5345e-10 
155 0.00131296 -0.00117266 -0.357138 0 0 -1e-07 0 0 -1.5444e-10 
156 -0.00106943 0.00206935 -0.476788 0 0 -1e-07 0 0 -1.5543e-10 
157 0.00140393 -0.000148252 -0.653834 0 0 -1e-07 0 0 -1.5642e-10 
158 0.00496073 -0.00295093 -0.464142 0 0 -1e-07 0 0 -1.5741e-10 
159 0.0030514 0.00159571 -0.39686 0 0 -1e-07 0 0 -1.584e-10 
160 -0.00125589 -0.00404711 -0.787507 0 0 -1e-07 0 0 -1.5939e-10 
161 -0.000496381 -0.00353483 -0.764173 0 0 -1e-07 0 0 -1.6038e-10 
162 -0.00114042 -0.000844176 -0.733849 0 0 -1e-07 0 0 -1.6137e-10 
163 0.00313593 0.00373164 -0.567621 0 0 -1e-07 0 0 -1.6236e-10 
164 -0.000398935 -0.000686394 -0.560189 0 0 -1e-07 0 0 -1.6335e-10 
165 0.002594 -0.000524084 -0.774549 0 0 -1e-07 0 0 -1.6434e-10 
166 0.00150755 0.000587228 -0.532649 0 0 -1e-07 0 0 -1.6533e-10 
167 0.00131447 0.000852604 -0.487579 0 0 -1e-07 0 0 -1.6632e-10 
168 0.000548791 -0.00316506 -0.717422 0 0 -1e-07 0 0 -1.6731e-10 
169 -0.00256939 -0.00591524 -0.937314 0 0 -1e-07 0 0 -1.683e-10 
170 0.00192079 -0.00119055 -0.452439 0 0 -1e-07 0 0 -1.6929e-10 
171 -0.000134266 -0.00116791 -0.422821 0 0 -1e-07 0 0 -1.7028e-10 
172 0.00157042 -0.00130489 -0.548344 0 0 -1e-07 0 0 -1.7127e-10 
173 0.00113636 -0.00023974 -0.583404 0 0 -1e-07 0 0 -1.7226e-10 
174 0.00110912 0.0044818 -0.588036 0 0 -1e-07 0 0 -1.7325e-10 
175 0.00293099 0.00017464 -0.70225 0 0 -1e-07 0 0 -1.7424e-10 
176 -0.000789043 -0.00267834 -0.690575 0 0 -1e-07 0 0 -1.7523e-10 
177 -0.000783952 -0.00195994 -0.699204 0 0 -1e-07 0 0 -1.7622e-10 
178 -0.0012307 0.00321717 -0.632497 0 0 -1e-07 0 0 -1.7721e-10 
179 0.00149382 0.000275265 -0.56751 0 0 -1e-07 0 0 -1.782e-10 
180 0.00132668 -0.00101584 -0.554169 0 0 -1e-07 0 0 -1.7919e-10 
181 -0.00248886 -0.00105435 -0.718997 0 0 -1e-07 0 0 -1.8018e-10 
182 0.00129686 6.75062e-05 -0.630579 0 0 -1e-07 0 0 -1.8117e-10 
183 -0.000639557 0.000554195 -0.498459 0 0 -1e-07 0 0 -1.8216e-10 
184 -0.00306003 -0.0018099 -0.4745 0 0 -1e-07 0 0 -1.8315e-10 
185 5.04333e-05 -0.00403912 -0.780528 0 0 -1e-07 0 0 -1.8414e-10 
186 -0.000703807 -0.00220364 -0.66326 0 0 -1e-07 0 0 -1.8513e-10 
187 -0.0011901 -0.0038719 -0.314034 0 0 -1e-07 0 0 -1.8612e-10 
188 0.00436414 -0.00130474 -0.431263 0 0 -1e-07 0 0 -1.8711e-10 
189 0.0012723 -0.00113677 -0.684147 0 0 -1e-07 0 0 -1.881e-10 
190 0.00461426 -0.00191141 -0.64612 0 0 -1e-07 0 0 -1.8909e-10 
191 -0.00101456 8.28244e-05 -0.827742 0 0 -1e-07 0 0 -1.9008e-10 
192 9.2355e-05 0.000561105 -0.509739 0 0 -1e-07 0 0 -1.9107e-10 
193 -0.000423774 -0.000565031 -0.826962 0 0 -1e-07 0 0 -1.9206e-10 
194 -0.00395708 0.00246378 -0.590867 0 0 -1e-07 0 0 -1.9305e-10 
195 -0.00405644 0.000156253 -0.525534 0 0 -1e-07 0 0 -1.9404e-10 
196 0.00343868 0.000804754 -0.697134 0 0 -1e-07 0 0 -1.9503e-10 
197 -0.00148204 -2.32027e-06 -0.594052 0 0 -1e-07 0 0 -1.9602e-10 
198 0.00139571 0.00190983 -0.786034 0 0 -1e-07 0 0 -1.9701e-10 
199 -0.00390744 0.000437646 -0.585192 0 0 -1e-07 0 0 -1.98e-10 
200 0.00162515 -0.00345862 -0.540205 0 0 -1e-07 0 0 -1.9899e-10 
