# step Fx Fy Fz Vx Vy Vz Dx Dy Dz 
0 0 0 0 0 0 -1e-07 0 0 -1.386e-12 
1 0 0 0 0 0 -1e-07 0 0 -2.772e-12 
2 0 0 0 0 0 -1e-07 0 0 -4.15801e-12 
3 0 0 0 0 0 -1e-07 0 0 -5.54401e-12 
4 0 0 0 0 0 -1e-07 0 0 -6.93001e-12 
5 0 0 0 0 0 -1e-07 0 0 -8.31601e-12 
6 0 0 0 0 0 -1e-07 0 0 -9.70202e-12 
7 0 0 0 0 0 -1e-07 0 0 -1.1088e-11 
8 0 0 0 0 0 -1e-07 0 0 -1.2474e-11 
9 0 0 0 0 0 -1e-07 0 0 -1.386e-11 
10 0 0 0 0 0 -1e-07 0 0 -1.5246e-11 
11 0 0 0 0 0 -1e-07 0 0 -1.6632e-11 
12 0 0 0 0 0 -1e-07 0 0 -1.8018e-11 
13 0 0 0 0 0 -1e-07 0 0 -1.9404e-11 
14 0 0 0 0 0 -1e-07 0 0 -2.079e-11 
15 0 0 0 0 0 -1e-07 0 0 -2.2176e-11 
16 0 0 0 0 0 -1e-07 0 0 -2.3562e-11 
17 0 0 0 0 0 -1e-07 0 0 -2.4948e-11 
18 0 0 0 0 0 -1e-07 0 0 -2.6334e-11 
19 0 0 0 0 0 -1e-07 0 0 -2.772e-11 
20 -1.36486e-11 5.70959e-11 -0.0136573 0 0 -1e-07 0 0 -2.91061e-11 
21 -1.23066e-10 -9.07693e-11 -0.0404995 0 0 -1e-07 0 0 -3.04921e-11 
22 -5.98024e-11 -6.28269e-11 -0.0116187 0 0 -1e-07 0 0 -3.18781e-11 
23 -4.18803e-11 1.40589e-10 -0.0198489 0 0 -1e-07 0 0 -3.32641e-11 
24 9.73325e-11 -6.68257e-11 -0.0464727 0 0 -1e-07 0 0 -3.46501e-11 
25 7.42044e-05 8.70837e-05 -0.0270783 0 0 -1e-07 0 0 -3.60361e-11 
26 3.03233e-11 -2.8792e-11 -0.0327771 0 0 -1e-07 0 0 -3.74221e-11 
27 2.55162e-06 -7.75976e-07 -0.0347495 0 0 -1e-07 0 0 -3.88081e-11 
28 1.55436e-06 6.19759e-05 -0.0512135 0 0 -1e-07 0 0 -4.01941e-11 
29 -3.93603e-05 -0.00012097 -0.109359 0 0 -1e-07 0 0 -4.15801e-11 
30 -7.74214e-05 -0.000186771 -0.0400199 0 0 -1e-07 0 0 -4.29661e-11 
31 -9.14813e-05 4.93747e-06 -0.142631 0 0 -1e-07 0 0 -4.43521e-11 
32 -1.13986e-05 0.000146813 -0.106412 0 0 -1e-07 0 0 -4.57381e-11 
33 -9.69124e-05 -0.000146761 -0.138854 0 0 -1e-07 0 0 -4.71241e-11 
34 9.57907e-05 -0.000216982 -0.103873 0 0 -1e-07 0 0 -4.85101e-11 
35 6.31961e-05 -0.000265803 -0.135578 0 0 -1e-07 0 0 -4.98961e-11 
36 0.000162292 -1.02266e-05 -0.152723 0 0 -1e-07 0 0 -5.12821e-11 
37 0.000316012 0.00015388 -0.175476 0 0 -1e-07 0 0 -5.26681e-11 
38 0.000211076 -0.00021232 -0.152724 0 0 -1e-07 0 0 -5.40541e-11 
39 -0.000109282 -0.000101518 -0.1364 0 0 -1e-07 0 0 -5.54401e-11 
40 0.000131461 8.10337e-05 -0.152433 0 0 -1e-07 0 0 -5.68261e-11 
41 -0.000151071 -0.0004122 -0.199888 0 0 -1e-07 0 0 -5.82121e-11 
42 4.33316e-05 -5.93649e-05 -0.274515 0 0 -1e-07 0 0 -5.95981e-11 
43 5.42892e-05 0.000734424 -0.299301 0 0 -1e-07 0 0 -6.09841e-11 
44 0.000173815 0.000397493 -0.265648 0 0 -1e-07 0 0 -6.23701e-11 
45 -0.000286008 -0.000296146 -0.225412 0 0 -1e-07 0 0 -6.37561e-11 
46 -0.000601979 -0.000991299 -0.298896 0 0 -1e-07 0 0 -6.51421e-11 
47 -0.000192683 -0.000305434 -0.233404 0 0 -1e-07 0 0 -6.65281e-11 
48 -0.000396913 -0.000438984 -0.113117 0 0 -1e-07 0 0 -6.79141e-11 
49 0.000306938 0.000878868 -0.250595 0 0 -1e-07 0 0 -6.93001e-11 
50 0.000321184 0.000156653 -0.288651 0 0 -1e-07 0 0 -7.06861e-11 
51 0.000736679 0.000165328 -0.348632 0 0 -1e-07 0 0 -7.20721e-11 
52 5.95082e-05 -0.000234554 -0.22646 0 0 -1e-07 0 0 -7.34581e-11 
53 0.000194196 -0.000340997 -0.371443 0 0 -1e-07 0 0 -7.48441e-11 
54 -0.00130459 -0.000272994 -0.372548 0 0 -1e-07 0 0 -7.62301e-11 
55 -0.000283541 0.000177056 -0.283273 0 0 -1e-07 0 0 -7.76161e-11 
56 0.000690436 0.000265133 -0.32 0 0 -1e-07 0 0 -7.90021e-11 
57 4.06239e-05 -0.000690281 -0.268168 0 0 -1e-07 0 0 -8.03881e-11 
58 1.51482e-05 -0.00073478 -0.28713 0 0 -1e-07 0 0 -8.17741e-11 
59 0.000342699 -0.000213471 -0.322745 0 0 -1e-07 0 0 -8.31601e-11 
60 -0.000214723 0.00060944 -0.442521 0 0 -1e-07 0 0 -8.45461e-11 
61 -0.000467001 0.000683467 -0.305093 0 0 -1e-07 0 0 -8.59322e-11 
62 0.000437333 0.000239297 -0.261454 0 0 -1e-07 0 0 -8.73182e-11 
63 -7.72318e-05 -0.000903163 -0.335549 0 0 -1e-07 0 0 -8.87042e-11 
64 -0.000861717 -0.000296848 -0.261946 0 0 -1e-07 0 0 -9.00902e-11 
65 6.04871e-05 -0.000237502 -0.27631 0 0 -1e-07 0 0 -9.14762e-11 
66 0.000759543 -0.000289653 -0.26827 0 0 -1e-07 0 0 -9.28622e-11 
67 -0.000859305 0.000103431 -0.22045 0 0 -1e-07 0 0 -9.42482e-11 
68 0.00010709 0.00068225 -0.283984 0 0 -1e-07 0 0 -9.56342e-11 
69 0.000173258 -0.00125042 -0.388065 0 0 -1e-07 0 0 -9.70202e-11 
70 -0.000675668 -0.00102359 -0.357859 0 0 -1e-07 0 0 -9.84062e-11 
71 0.00110934 -0.00123085 -0.263273 0 0 -1e-07 0 0 -9.97922e-11 
72 0.000239675 0.000734406 -0.198207 0 0 -1e-07 0 0 -1.01178e-10 
73 0.000361645 0.00134609 -0.232752 0 0 -1e-07 0 0 -1.02564e-10 
74 -0.000234088 -0.000182796 -0.294319 0 0 -1e-07 0 0 -1.0395e-10 
75 -0.000219763 -0.000859709 -0.25547 0 0 -1e-07 0 0 -1.05336e-10 
76 0.000690567 -0.000743942 -0.323522 0 0 -1e-07 0 0 -1.06722e-10 
77 -0.000449847 0.000206861 -0.35375 0 0 -1e-07 0 0 -1.08108e-10 
78 0.000246512 -6.51566e-05 -0.281888 0 0 -1e-07 0 0 -1.09494e-10 
79 -0.00116483 -0.00178961 -0.35468 0 0 -1e-07 0 0 -1.1088e-10 
80 -0.000156994 0.00130414 -0.412135 0 0 -1e-07 0 0 -1.12266e-10 
81 -0.000286269 8.2256e-05 -0.242087 0 0 -1e-07 0 0 -1.13652e-10 
82 -0.00088068 -0.000345906 -0.343993 0 0 -1e-07 0 0 -1.15038e-10 
83 -0.000517379 0.000669562 -0.212606 0 0 -1e-07 0 0 -1.16424e-10 
84 0.000777303 -0.000249095 -0.34829 0 0 -1e-07 0 0 -1.1781e-10 
85 -0.000749972 0.00084983 -0.425112 0 0 -1e-07 0 0 -1.19196e-10 
86 -0.000565593 0.00109215 -0.334299 0 0 -1e-07 0 0 -1.20582e-10 
87 0.000285571 0.000382869 -0.205863 0 0 -1e-07 0 0 -1.21968e-10 
88 1.42532e-05 0.000291564 -0.305809 0 0 -1e-07 0 0 -1.23354e-10 
89 0.000942542 0.00032832 -0.235485 0 0 -1e-07 0 0 -1.2474e-10 
90 -0.000501729 0.000257953 -0.194923 0 0 -1e-07 0 0 -1.26126e-10 
91 -0.00076575 -0.00039904 -0.311837 0 0 -1e-07 0 0 -1.27512e-10 
92 0.000905249 5.20173e-05 -0.32923 0 0 -1e-07 0 0 -1.28898e-10 
93 -0.00072332 -0.00153636 -0.315028 0 0 -1e-07 0 0 -1.30284e-10 
94 -0.000250962 0.000416364 -0.363391 0 0 -1e-07 0 0 -1.3167e-10 
95 -0.00116045 -0.000766436 -0.387477 0 0 -1e-07 0 0 -1.33056e-10 
96 0.000138921 0.000435228 -0.225086 0 0 -1e-07 0 0 -1.34442e-10 
97 -0.00103156 -8.93315e-05 -0.309328 0 0 -1e-07 0 0 -1.35828e-10 
98 -0.00184761 -0.00178551 -0.321667 0 0 -1e-07 0 0 -1.37214e-10 
99 -0.000550272 -0.00131444 -0.350669 0 0 -1e-07 0 0 -1.386e-10 
100 -0.00077662 -0.00105669 -0.23438 0 0 -1e-07 0 0 -1.39986e-10 
101 -0.000271289 -0.000728636 -0.322294 0 0 -1e-07 0 0 -1.41372e-10 
102 0.000801893 0.000878672 -0.367512 0 0 -1e-07 0 0 -1.42758e-10 
103 -7.55321e-05 0.000645649 -0.404823 0 0 -1e-07 0 0 -1.44144e-10 
104 0.000844153 0.000961734 -0.269809 0 0 -1e-07 0 0 -1.4553e-10 
105 0.00105169 -0.000245493 -0.348798 0 0 -1e-07 0 0 -1.46916e-10 
106 -0.00124225 -0.00142858 -0.18236 0 0 -1e-07 0 0 -1.48302e-10 
107 0.000122773 -7.65864e-05 -0.27997 0 0 -1e-07 0 0 -1.49688e-10 
108 -0.00169612 -5.57835e-05 -0.356893 0 0 -1e-07 0 0 -1.51074e-10 
109 -0.000284889 -0.00055568 -0.364211 0 0 -1e-07 0 0 -1.5246e-10 
110 0.000466465 -0.000134382 -0.17796 0 0 -1e-07 0 0 -1.53846e-10 
111 0.00190433 0.000228691 -0.313299 0 0 -1e-07 0 0 -1.55232e-10 
112 0.00220468 0.0010243 -0.320931 0 0 -1e-07 0 0 -1.56618e-10 
113 0.000468779 -0.000447844 -0.24527 0 0 -1e-07 0 0 -1.58004e-10 
114 -0.000626751 -0.000579363 -0.306478 0 0 -1e-07 0 0 -1.5939e-10 
115 -0.0011087 -0.00125943 -0.379765 0 0 -1e-07 0 0 -1.60776e-10 
116 -0.00173257 -0.00129865 -0.261098 0 0 -1e-07 0 0 -1.62162e-10 
117 0.000154662 -0.000683966 -0.267245 0 0 -1e-07 0 0 -1.63548e-10 
118 0.000440614 -0.000917289 -0.375856 0 0 -1e-07 0 0 -1.64934e-10 
119 0.000635415 -0.000149219 -0.300685 0 0 -1e-07 0 0 -1.6632e-10 
120 0.000704092 -0.000334095 -0.362449 0 0 -1e-07 0 0 -1.67706e-10 
121 9.52934e-05 -7.52759e-05 -0.310837 0 0 -1e-07 0 0 -1.69092e-10 
122 0.000385624 -0.000255532 -0.228765 0 0 -1e-07 0 0 -1.70478e-10 
123 -0.0019282 -0.000566181 -0.407528 0 0 -1e-07 0 0 -1.71864e-10 
124 -0.0005485 0.000423472 -0.270068 0 0 -1e-07 0 0 -1.7325e-10 
125 0.000118842 0.000769238 -0.288571 0 0 -1e-07 0 0 -1.74636e-10 
126 1.5774e-05 0.000245883 -0.245901 0 0 -1e-07 0 0 -1.76022e-10 
127 -0.000492487 -0.000970835 -0.284363 0 0 -1e-07 0 0 -1.77408e-10 
128 0.00111582 -0.00146729 -0.306293 0 0 -1e-07 0 0 -1.78794e-10 
129 0.000390885 0.000205404 -0.289414 0 0 -1e-07 0 0 -1.8018e-10 
130 -0.00164631 0.000222466 -0.355272 0 0 -1e-07 0 0 -1.81566e-10 
131 -0.00155567 -0.000577879 -0.357171 0 0 -1e-07 0 0 -1.82952e-10 
132 -0.00121359 -0.00037122 -0.289118 0 0 -1e-07 0 0 -1.84338e-10 
133 -0.000997268 -0.000147574 -0.338874 0 0 -1e-07 0 0 -1.85724e-10 
134 -0.00151725 0.000159778 -0.309078 0 0 -1e-07 0 0 -1.8711e-10 
135 0.000819172 0.000208163 -0.350816 0 0 -1e-07 0 0 -1.88496e-10 
136 0.000452174 0.000107312 -0.246596 0 0 -1e-07 0 0 -1.89882e-10 
137 -0.000958151 -0.0014747 -0.356583 0 0 -1e-07 0 0 -1.91268e-10 
138 -0.000710639 0.000244374 -0.35828 0 0 -1e-07 0 0 -1.92654e-10 
139 -0.00302191 -0.000263881 -0.375534 0 0 -1e-07 0 0 -1.9404e-10 
140 0.000681014 -0.00108794 -0.289084 0 0 -1e-07 0 0 -1.95426e-10 
141 1.24439e-05 -0.00084684 -0.23715 0 0 -1e-07 0 0 -1.96812e-10 
142 0.000325813 0.00158398 -0.265705 0 0 -1e-07 0 0 -1.98198e-10 
143 -0.0003503 0.00081634 -0.339894 0 0 -1e-07 0 0 -1.99584e-10 
144 -0.00073806 0.000231216 -0.349497 0 0 -1e-07 0 0 -2.0097e-10 
145 0.000344454 -0.000754705 -0.324561 0 0 -1e-07 0 0 -2.02356e-10 
146 -0.00145214 0.000598679 -0.374838 0 0 -1e-07 0 0 -2.03742e-10 
147 -0.000567429 -0.000216579 -0.20169 0 0 -1e-07 0 0 -2.05128e-10 
148 -0.00214758 0.000428059 -0.280383 0 0 -1e-07 0 0 -2.06514e-10 
149 -0.000228102 0.000551082 -0.195366 0 0 -1e-07 0 0 -2.079e-10 
150 0.000353214 3.81993e-05 -0.25474 0 0 -1e-07 0 0 -2.09286e-10 
151 0.00136555 0.000425891 -0.392531 0 0 -1e-07 0 0 -2.10672e-10 
152 -0.000374693 0.00253595 -0.342274 0 0 -1e-07 0 0 -2.12058e-10 
153 -0.000280739 -0.000920676 -0.307541 0 0 -1e-07 0 0 -2.13444e-10 
154 -0.00178351 -0.00274622 -0.401483 0 0 -1e-07 0 0 -2.1483e-10 
155 0.000887318 0.000411951 -0.274049 0 0 -1e-07 0 0 -2.16216e-10 
156 -0.000278024 0.000127138 -0.324387 0 0 -1e-07 0 0 -2.17602e-10 
157 0.000507444 0.00097569 -0.248449 0 0 -1e-07 0 0 -2.18988e-10 
158 0.000468147 0.000255893 -0.322555 0 0 -1e-07 0 0 -2.20374e-10 
159 0.00125005 0.000421033 -0.339397 0 0 -1e-07 0 0 -2.2176e-10 
160 -0.00127585 6.1499e-06 -0.258348 0 0 -1e-07 0 0 -2.23146e-10 
161 -0.000578969 -0.00155522 -0.300664 0 0 -1e-07 0 0 -2.24532e-10 
162 0.000526983 -0.000524228 -0.318881 0 0 -1e-07 0 0 -2.25918e-10 
163 0.00139037 0.00234763 -0.508594 0 0 -1e-07 0 0 -2.27304e-10 
164 -0.000283585 -0.000485415 -0.269257 0 0 -1e-07 0 0 -2.2869e-10 
165 0.00115676 -0.000112605 -0.282865 0 0 -1e-07 0 0 -2.30076e-10 
166 0.000664577 -0.00115548 -0.354797 0 0 -1e-07 0 0 -2.31462e-10 
167 0.00105967 -0.000784271 -0.302643 0 0 -1e-07 0 0 -2.32848e-10 
168 -0.000125208 -0.000910086 -0.366332 0 0 -1e-07 0 0 -2.34234e-10 
169 -0.00184745 -0.00165295 -0.371245 0 0 -1e-07 0 0 -2.3562e-10 
170 0.000458851 -0.00198969 -0.400459 0 0 -1e-07 0 0 -2.37006e-10 
171 -1.14504e-05 -0.00201379 -0.457207 0 0 -1e-07 0 0 -2.38392e-10 
172 -0.000144022 -0.00141439 -0.406915 0 0 -1e-07 0 0 -2.39778e-10 
173 -0.00194084 0.000620202 -0.336835 0 0 -1e-07 0 0 -2.41164e-10 
174 -0.000570752 0.000167726 -0.243538 0 0 -1e-07 0 0 -2.4255e-10 
175 0.000701802 0.000602641 -0.294566 0 0 -1e-07 0 0 -2.43936e-10 
176 0.000541825 0.00062218 -0.316858 0 0 -1e-07 0 0 -2.45322e-10 
177 -0.000663351 -0.000892528 -0.306564 0 0 -1e-07 0 0 -2.46708e-10 
178 0.000485819 0.000368913 -0.328435 0 0 -1e-07 0 0 -2.48094e-10 
179 -0.000803579 4.08922e-05 -0.203983 0 0 -1e-07 0 0 -2.4948e-10 
180 -0.00038985 -0.00119656 -0.314047 0 0 -1e-07 0 0 -2.50866e-10 
181 -0.00107975 0.000701215 -0.271891 0 0 -1e-07 0 0 -2.52252e-10 
182 -0.00162137 0.000426361 -0.225906 0 0 -1e-07 0 0 -2.53638e-10 
183 -0.000219401 0.000510335 -0.253715 0 0 -1e-07 0 0 -2.55024e-10 
184 -0.00318761 -0.000622208 -0.44042 0 0 -1e-07 0 0 -2.5641e-10 
185 -0.0016286 0.000121561 -0.414587 0 0 -1e-07 0 0 -2.57796e-10 
186 -0.000588961 -0.000594966 -0.328272 0 0 -1e-07 0 0 -2.59182e-10 
187 -0.00104189 -0.00113263 -0.376233 0 0 -1e-07 0 0 -2.60568e-10 
188 -0.000612273 -0.00303098 -0.475243 0 0 -1e-07 0 0 -2.61954e-10 
189 0.00308322 0.000383899 -0.390742 0 0 -1e-07 0 0 -2.6334e-10 
190 0.000836401 -0.000161623 -0.193535 0 0 -1e-07 0 0 -2.64726e-10 
191 0.000276182 -8.33565e-05 -0.287992 0 0 -1e-07 0 0 -2.66112e-10 
192 0.00220507 -0.00130301 -0.261688 0 0 -1e-07 0 0 -2.67498e-10 
193 0.000276375 -0.000334586 -0.36266 0 0 -1e-07 0 0 -2.68884e-10 
194 -0.00010114 -0.00210793 -0.361304 0 0 -1e-07 0 0 -2.7027e-10 
195 -0.000209264 0.000538799 -0.387352 0 0 -1e-07 0 0 -2.71656e-10 
196 -0.000240049 0.000678814 -0.254441 0 0 -1e-07 0 0 -2.73042e-10 
197 0.000485028 0.000702256 -0.252599 0 0 -1e-07 0 0 -2.74428e-10 
198 -0.00121936 0.000443652 -0.350513 0 0 -1e-07 0 0 -2.75814e-10 
199 0.000630195 -9.37787e-05 -0.333266 0 0 -1e-07 0 0 -2.772e-10 
200 0.00080314 -0.00173399 -0.355935 0 0 -1e-07 0 0 -2.78586e-10 
