# step Fx Fy Fz Vx Vy Vz Dx Dy Dz 
0 0 0 0 0 0 -1e-07 0 0 -1.18799e-12 
1 0 0 0 0 0 -1e-07 0 0 -2.37599e-12 
2 0 0 0 0 0 -1e-07 0 0 -3.56398e-12 
3 0 0 0 0 0 -1e-07 0 0 -4.75198e-12 
4 0 0 0 0 0 -1e-07 0 0 -5.93997e-12 
5 0 0 0 0 0 -1e-07 0 0 -7.12796e-12 
6 0 0 0 0 0 -1e-07 0 0 -8.31596e-12 
7 0 0 0 0 0 -1e-07 0 0 -9.50395e-12 
8 0 0 0 0 0 -1e-07 0 0 -1.06919e-11 
9 0 0 0 0 0 -1e-07 0 0 -1.18799e-11 
10 0 0 0 0 0 -1e-07 0 0 -1.30679e-11 
11 0 0 0 0 0 -1e-07 0 0 -1.42559e-11 
12 0 0 0 0 0 -1e-07 0 0 -1.54439e-11 
13 0 0 0 0 0 -1e-07 0 0 -1.66319e-11 
14 0 0 0 0 0 -1e-07 0 0 -1.78199e-11 
15 0 0 0 0 0 -1e-07 0 0 -1.90079e-11 
16 0 0 0 0 0 -1e-07 0 0 -2.01959e-11 
17 0 0 0 0 0 -1e-07 0 0 -2.13839e-11 
18 0 0 0 0 0 -1e-07 0 0 -2.25719e-11 
19 0 0 0 0 0 -1e-07 0 0 -2.37599e-11 
20 0 0 0 0 0 -1e-07 0 0 -2.49479e-11 
21 0 0 0 0 0 -1e-07 0 0 -2.61359e-11 
22 0 0 0 0 0 -1e-07 0 0 -2.73239e-11 
23 -5.22066e-11 8.2077e-11 -0.0165688 0 0 -1e-07 0 0 -2.85119e-11 
24 -9.35908e-11 -1.04988e-10 -0.0266072 0 0 -1e-07 0 0 -2.96999e-11 
25 -1.7685e-11 -1.06492e-10 -0.0231467 0 0 -1e-07 0 0 -3.08878e-11 
26 8.51181e-11 -4.38268e-11 -0.0144856 0 0 -1e-07 0 0 -3.20758e-11 
27 2.7934e-10 2.90878e-11 -0.056502 0 0 -1e-07 0 0 -3.32638e-11 
28 -1.50118e-10 6.54206e-11 -0.0240934 0 0 -1e-07 0 0 -3.44518e-11 
29 5.44922e-05 5.42082e-05 -0.0146825 0 0 -1e-07 0 0 -3.56398e-11 
30 4.24269e-11 -1.51396e-10 -0.0602437 0 0 -1e-07 0 0 -3.68278e-11 
31 -4.35201e-11 9.00113e-11 -0.0315622 0 0 -1e-07 0 0 -3.80158e-11 
32 7.40326e-05 -0.000162536 -0.0896536 0 0 -1e-07 0 0 -3.92038e-11 
33 -2.4464e-05 -7.85244e-05 -0.0606417 0 0 -1e-07 0 0 -4.03918e-11 
34 -0.000184301 -0.000183846 -0.12374 0 0 -1e-07 0 0 -4.15798e-11 
35 4.90238e-05 0.000177155 -0.0864709 0 0 -1e-07 0 0 -4.27678e-11 
36 1.54773e-06 1.82839e-05 -0.157602 0 0 -1e-07 0 0 -4.39558e-11 
37 4.61484e-05 -0.000386961 -0.136456 0 0 -1e-07 0 0 -4.51438e-11 
38 3.82962e-05 -0.000210921 -0.0422268 0 0 -1e-07 0 0 -4.63318e-11 
39 -0.000144483 -0.000393189 -0.183327 0 0 -1e-07 0 0 -4.75198e-11 
40 0.000192118 0.000100881 -0.13546 0 0 -1e-07 0 0 -4.87078e-11 
41 0.000640323 -0.000170902 -0.20266 0 0 -1e-07 0 0 -4.98958e-11 
42 -0.000170301 2.0125e-05 -0.172212 0 0 -1e-07 0 0 -5.10837e-11 
43 2.39708e-05 -2.16764e-06 -0.19428 0 0 -1e-07 0 0 -5.22717e-11 
44 -5.42972e-05 -0.000171469 -0.0748535 0 0 -1e-07 0 0 -5.34597e-11 
45 0.000203464 -0.000713089 -0.140603 0 0 -1e-07 0 0 -5.46477e-11 
46 -0.000220491 0.000305144 -0.242332 0 0 -1e-07 0 0 -5.58357e-11 
47 0.000421738 -0.000638468 -0.212553 0 0 -1e-07 0 0 -5.70237e-11 
48 0.000264404 -0.000665201 -0.400938 0 0 -1e-07 0 0 -5.82117e-11 
49 0.000548806 0.000151293 -0.315053 0 0 -1e-07 0 0 -5.93997e-11 
50 -0.000277762 -0.000267587 -0.334063 0 0 -1e-07 0 0 -6.05877e-11 
51 -0.000117999 -0.000123048 -0.399486 0 0 -1e-07 0 0 -6.17757e-11 
52 0.000266378 -0.000926944 -0.292791 0 0 -1e-07 0 0 -6.29637e-11 
53 0.000483722 -0.000634606 -0.323975 0 0 -1e-07 0 0 -6.41517e-11 
54 -0.000277307 -0.000367576 -0.212255 0 0 -1e-07 0 0 -6.53397e-11 
55 -0.000741564 0.000157022 -0.161731 0 0 -1e-07 0 0 -6.65277e-11 
56 0.000294412 -0.000384638 -0.238077 0 0 -1e-07 0 0 -6.77157e-11 
57 9.43124e-05 0.000294243 -0.349731 0 0 -1e-07 0 0 -6.89037e-11 
58 -0.000770555 -0.000856203 -0.329365 0 0 -1e-07 0 0 -7.00917e-11 
59 0.000191355 -0.00104808 -0.414885 0 0 -1e-07 0 0 -7.12796e-11 
60 -0.000212725 -0.000158424 -0.452248 0 0 -1e-07 0 0 -7.24676e-11 
61 -0.000451488 -0.00193767 -0.376825 0 0 -1e-07 0 0 -7.36556e-11 
62 0.000528274 0.000218794 -0.405131 0 0 -1e-07 0 0 -7.48436e-11 
63 -0.000822479 0.000317618 -0.365082 0 0 -1e-07 0 0 -7.60316e-11 
64 0.000586619 -0.000326938 -0.367636 0 0 -1e-07 0 0 -7.72196e-11 
65 -0.000404962 -0.00151509 -0.485606 0 0 -1e-07 0 0 -7.84076e-11 
66 0.000613749 0.000304007 -0.367284 0 0 -1e-07 0 0 -7.95956e-11 
67 -0.000212766 0.00104506 -0.370904 0 0 -1e-07 0 0 -8.07836e-11 
68 -0.00150192 0.000127596 -0.305004 0 0 -1e-07 0 0 -8.19716e-11 
69 -0.000184633 -0.000169782 -0.162757 0 0 -1e-07 0 0 -8.31596e-11 
70 -0.000722651 0.000339237 -0.343077 0 0 -1e-07 0 0 -8.43476e-11 
71 -0.000281487 -0.000257608 -0.293367 0 0 -1e-07 0 0 -8.55356e-11 
72 -0.000863647 -0.00152697 -0.554417 0 0 -1e-07 0 0 -8.67236e-11 
73 -0.00188898 7.3462e-05 -0.546151 0 0 -1e-07 0 0 -8.79116e-11 
74 0.000823854 0.00234353 -0.22888 0 0 -1e-07 0 0 -8.90996e-11 
75 -0.00137224 -0.000959175 -0.340669 0 0 -1e-07 0 0 -9.02876e-11 
76 -0.000474885 -0.00191254 -0.271513 0 0 -1e-07 0 0 -9.14755e-11 
77 -0.000344175 -0.00163445 -0.385686 0 0 -1e-07 0 0 -9.26635e-11 
78 -0.00149863 -0.00378326 -0.325841 0 0 -1e-07 0 0 -9.38515e-11 
79 -2.72808e-05 0.000253434 -0.239923 0 0 -1e-07 0 0 -9.50395e-11 
80 -0.000408877 -0.000561783 -0.384491 0 0 -1e-07 0 0 -9.62275e-11 
81 0.000625087 -0.001895 -0.418765 0 0 -1e-07 0 0 -9.74155e-11 
82 0.000530763 0.000486294 -0.450929 0 0 -1e-07 0 0 -9.86035e-11 
83 -0.00201205 0.00155966 -0.322648 0 0 -1e-07 0 0 -9.97915e-11 
84 -0.000561429 0.000557986 -0.342897 0 0 -1e-07 0 0 -1.0098e-10 
85 0.00174196 -0.00108809 -0.377282 0 0 -1e-07 0 0 -1.02167e-10 
86 0.00016215 -0.000967347 -0.413707 0 0 -1e-07 0 0 -1.03355e-10 
87 0.000304036 -0.000392732 -0.312955 0 0 -1e-07 0 0 -1.04543e-10 
88 0.000601992 -0.00138337 -0.422807 0 0 -1e-07 0 0 -1.05731e-10 
89 -0.000135279 -0.00151189 -0.319189 0 0 -1e-07 0 0 -1.06919e-10 
90 1.54502e-05 -0.000761484 -0.530809 0 0 -1e-07 0 0 -1.08107e-10 
91 0.00135745 -9.77472e-06 -0.335328 0 0 -1e-07 0 0 -1.09295e-10 
92 -0.000705417 -0.000916305 -0.345185 0 0 -1e-07 0 0 -1.10483e-10 
93 0.000979389 -0.00109666 -0.498339 0 0 -1e-07 0 0 -1.11671e-10 
94 0.000649935 -0.0027497 -0.311376 0 0 -1e-07 0 0 -1.12859e-10 
95 0.000583956 -0.00085715 -0.239537 0 0 -1e-07 0 0 -1.14047e-10 
96 0.000412598 -0.00113181 -0.416733 0 0 -1e-07 0 0 -1.15235e-10 
97 0.000469327 -0.00229478 -0.421072 0 0 -1e-07 0 0 -1.16423e-10 
98 -0.000403633 -0.000800328 -0.494916 0 0 -1e-07 0 0 -1.17611e-10 
99 -0.000709655 -0.00133225 -0.285192 0 0 -1e-07 0 0 -1.18799e-10 
100 0.000543833 -0.000988991 -0.394269 0 0 -1e-07 0 0 -1.19987e-10 
101 0.00169063 -0.000726735 -0.254633 0 0 -1e-07 0 0 -1.21175e-10 
102 0.00123332 -0.00179338 -0.373124 0 0 -1e-07 0 0 -1.22363e-10 
103 -0.00131286 -0.0034424 -0.21281 0 0 -1e-07 0 0 -1.23551e-10 
104 0.000145665 -0.00141635 -0.305934 0 0 -1e-07 0 0 -1.24739e-10 
105 -0.000431135 0.00035712 -0.394681 0 0 -1e-07 0 0 -1.25927e-10 
106 -0.000246243 -0.00108041 -0.402481 0 0 -1e-07 0 0 -1.27115e-10 
107 0.000853256 -0.00397786 -0.611939 0 0 -1e-07 0 0 -1.28303e-10 
108 -0.00205888 -0.00160651 -0.473665 0 0 -1e-07 0 0 -1.29491e-10 
109 0.00180683 -0.00135823 -0.403327 0 0 -1e-07 0 0 -1.30679e-10 
110 0.0019406 -0.00122396 -0.440403 0 0 -1e-07 0 0 -1.31867e-10 
111 0.000234268 -0.00417066 -0.459063 0 0 -1e-07 0 0 -1.33055e-10 
112 -0.000502101 0.000357592 -0.294443 0 0 -1e-07 0 0 -1.34243e-10 
113 2.50078e-05 -0.000224639 -0.248336 0 0 -1e-07 0 0 -1.35431e-10 
114 -0.000836092 0.00128141 -0.357443 0 0 -1e-07 0 0 -1.36619e-10 
115 0.00040665 -0.000630078 -0.28 0 0 -1e-07 0 0 -1.37807e-10 
116 0.00108749 -0.000235651 -0.393193 0 0 -1e-07 0 0 -1.38995e-10 
117 0.00201577 -0.000781895 -0.420188 0 0 -1e-07 0 0 -1.40183e-10 
118 0.00115664 -5.0379e-05 -0.409865 0 0 -1e-07 0 0 -1.41371e-10 
119 -0.00280157 -0.000652941 -0.507366 0 0 -1e-07 0 0 -1.42559e-10 
120 9.78278e-05 -0.00309471 -0.348666 0 0 -1e-07 0 0 -1.43747e-10 
121 -0.000750106 -0.000515593 -0.225648 0 0 -1e-07 0 0 -1.44935e-10 
122 -0.000883799 0.000993154 -0.31179 0 0 -1e-07 0 0 -1.46123e-10 
123 0.000598701 -0.000146981 -0.406868 0 0 -1e-07 0 0 -1.47311e-10 
124 0.00129697 0.000501092 -0.372478 0 0 -1e-07 0 0 -1.48499e-10 
125 0.00173709 -0.00142461 -0.314557 0 0 -1e-07 0 0 -1.49687e-10 
126 0.000853209 -0.00159324 -0.460704 0 0 -1e-07 0 0 -1.50875e-10 
127 -0.000903272 -0.00256388 -0.489766 0 0 -1e-07 0 0 -1.52063e-10 
128 0.00186403 -0.00368055 -0.431486 0 0 -1e-07 0 0 -1.53251e-10 
129 -0.00115863 0.000233613 -0.361178 0 0 -1e-07 0 0 -1.54439e-10 
130 0.000848326 0.000136067 -0.384178 0 0 -1e-07 0 0 -1.55627e-10 
131 0.000144112 0.000817865 -0.479871 0 0 -1e-07 0 0 -1.56815e-10 
132 0.000637952 -0.00145593 -0.307755 0 0 -1e-07 0 0 -1.58003e-10 
133 0.000747022 0.000872467 -0.401129 0 0 -1e-07 0 0 -1.59191e-10 
134 0.00186298 0.0019533 -0.355385 0 0 -1e-07 0 0 -1.60379e-10 
135 -0.00100456 0.000535903 -0.652437 0 0 -1e-07 0 0 -1.61567e-10 
136 -0.000974455 -0.00289393 -0.335207 0 0 -1e-07 0 0 -1.62755e-10 
137 -0.000783102 0.000191716 -0.241989 0 0 -1e-07 0 0 -1.63943e-10 
138 0.000226963 0.00117666 -0.24537 0 0 -1e-07 0 0 -1.65131e-10 
139 0.00185551 0.00110537 -0.226658 0 0 -1e-07 0 0 -1.66319e-10 
140 0.000134137 -0.00128749 -0.365586 0 0 -1e-07 0 0 -1.67507e-10 
141 0.000604418 -0.000866476 -0.434 0 0 -1e-07 0 0 -1.68695e-10 
142 0.000904277 -0.000651162 -0.449839 0 0 -1e-07 0 0 -1.69883e-10 
143 -0.000337189 -0.00204622 -0.525875 0 0 -1e-07 0 0 -1.71071e-10 
144 0.000577019 -9.39519e-05 -0.393227 0 0 -1e-07 0 0 -1.72259e-10 
145 -0.0021477 -0.00236618 -0.517217 0 0 -1e-07 0 0 -1.73447e-10 
146 0.00144493 0.000257258 -0.488071 0 0 -1e-07 0 0 -1.74635e-10 
147 -0.00309434 -0.00137392 -0.316516 0 0 -1e-07 0 0 -1.75823e-10 
148 0.000364696 -0.00152889 -0.246829 0 0 -1e-07 0 0 -1.77011e-10 
149 0.000342863 0.000547035 -0.300646 0 0 -1e-07 0 0 -1.78199e-10 
150 -0.0011356 0.000642941 -0.470676 0 0 -1e-07 0 0 -1.79387e-10 
151 -0.000940993 0.000572247 -0.375609 0 0 -1e-07 0 0 -1.80575e-10 
152 -0.00174194 0.00229716 -0.300089 0 0 -1e-07 0 0 -1.81763e-10 
153 0.00225801 0.00122553 -0.5169 0 0 -1e-07 0 0 -1.82951e-10 
154 -6.96213e-06 -0.00266345 -0.306942 0 0 -1e-07 0 0 -1.84139e-10 
155 0.00046502 0.000153622 -0.470952 0 0 -1e-07 0 0 -1.85327e-10 
156 -0.000567124 -0.000916483 -0.42958 0 0 -1e-07 0 0 -1.86515e-10 
157 -8.16046e-05 0.000150881 -0.349305 0 0 -1e-07 0 0 -1.87703e-10 
158 -0.00157703 -0.00171847 -0.490057 0 0 -1e-07 0 0 -1.88891e-10 
159 -0.000626334 0.00100747 -0.578927 0 0 -1e-07 0 0 -1.90079e-10 
160 -0.000744173 -0.00057679 -0.32981 0 0 -1e-07 0 0 -1.91267e-10 
161 -0.00163825 0.00167579 -0.318935 0 0 -1e-07 0 0 -1.92455e-10 
162 -0.000460909 -0.00200375 -0.419423 0 0 -1e-07 0 0 -1.93643e-10 
163 -0.00154009 -0.00170677 -0.323912 0 0 -1e-07 0 0 -1.94831e-10 
164 -2.32281e-05 -0.00397186 -0.387843 0 0 -1e-07 0 0 -1.96019e-10 
165 9.59728e-05 -0.000492541 -0.324307 0 0 -1e-07 0 0 -1.97207e-10 
166 -0.0035251 -0.00442166 -0.585851 0 0 -1e-07 0 0 -1.98395e-10 
167 -0.00129864 -0.00361014 -0.389136 0 0 -1e-07 0 0 -1.99583e-10 
168 0.000317535 -0.00116775 -0.498058 0 0 -1e-07 0 0 -2.00771e-10 
169 -0.000593573 0.000907743 -0.433274 0 0 -1e-07 0 0 -2.01959e-10 
170 0.00261309 -0.00434651 -0.38133 0 0 -1e-07 0 0 -2.03147e-10 
171 0.00443063 0.00101677 -0.434111 0 0 -1e-07 0 0 -2.04335e-10 
172 -0.000825602 0.000302113 -0.44677 0 0 -1e-07 0 0 -2.05523e-10 
173 -0.00200782 0.000962391 -0.526942 0 0 -1e-07 0 0 -2.06711e-10 
174 -0.000403661 0.00116783 -0.404782 0 0 -1e-07 0 0 -2.07899e-10 
175 -0.00130896 0.00464414 -0.336315 0 0 -1e-07 0 0 -2.09087e-10 
176 0.000754342 -0.000154577 -0.358663 0 0 -1e-07 0 0 -2.10275e-10 
177 -0.00226138 0.00066613 -0.465442 0 0 -1e-07 0 0 -2.11463e-10 
178 0.00292905 0.00118514 -0.433767 0 0 -1e-07 0 0 -2.12651e-10 
179 0.00346322 -0.00201817 -0.401023 0 0 -1e-07 0 0 -2.13839e-10 
180 0.00232634 -0.00116921 -0.332964 0 0 -1e-07 0 0 -2.15027e-10 
181 0.000597826 -0.00225221 -0.478849 0 0 -1e-07 0 0 -2.16215e-10 
182 0.00072726 0.00111823 -0.362487 0 0 -1e-07 0 0 -2.17403e-10 
183 8.55423e-05 0.002588 -0.423704 0 0 -1e-07 0 0 -2.18591e-10 
184 0.00074514 0.00108282 -0.363512 0 0 -1e-07 0 0 -2.19779e-10 
185 -0.000626942 -0.000366999 -0.377388 0 0 -1e-07 0 0 -2.20967e-10 
186 -0.00149109 -0.00228532 -0.517768 0 0 -1e-07 0 0 -2.22155e-10 
187 -0.00172848 -0.000936944 -0.512737 0 0 -1e-07 0 0 -2.23343e-10 
188 -0.00121608 -0.00669987 -0.414403 0 0 -1e-07 0 0 -2.24531e-10 
189 0.000775681 -0.000354875 -0.483686 0 0 -1e-07 0 0 -2.25719e-10 
190 -0.000774195 0.00483809 -0.742222 0 0 -1e-07 0 0 -2.26907e-10 
191 6.00497e-05 0.000223449 -0.485843 0 0 -1e-07 0 0 -2.28095e-10 
192 7.14483e-05 -0.00215851 -0.392989 0 0 -1e-07 0 0 -2.29283e-10 
193 -0.000258629 -0.000704531 -0.314764 0 0 -1e-07 0 0 -2.30471e-10 
194 0.00093738 0.000119867 -0.390664 0 0 -1e-07 0 0 -2.31659e-10 
195 0.0005012 0.000233347 -0.362258 0 0 -1e-07 0 0 -2.32847e-10 
196 0.000544252 -0.00506606 -0.351791 0 0 -1e-07 0 0 -2.34035e-10 
197 0.0035377 -0.000651592 -0.254335 0 0 -1e-07 0 0 -2.35223e-10 
198 -0.00141246 0.00206039 -0.444654 0 0 -1e-07 0 0 -2.36411e-10 
199 -0.00075362 -0.000128963 -0.350806 0 0 -1e-07 0 0 -2.37599e-10 
200 0.000114599 -0.00220483 -0.294575 0 0 -1e-07 0 0 -2.38787e-10 
