# step Fx Fy Fz Vx Vy Vz Dx Dy Dz 
0 0 0 0 0 0 -1e-07 0 0 -9.9e-13 
1 0 0 0 0 0 -1e-07 0 0 -1.98e-12 
2 0 0 0 0 0 -1e-07 0 0 -2.97e-12 
3 0 0 0 0 0 -1e-07 0 0 -3.96e-12 
4 0 0 0 0 0 -1e-07 0 0 -4.95e-12 
5 0 0 0 0 0 -1e-07 0 0 -5.94e-12 
6 0 0 0 0 0 -1e-07 0 0 -6.93e-12 
7 0 0 0 0 0 -1e-07 0 0 -7.92e-12 
8 0 0 0 0 0 -1e-07 0 0 -8.91e-12 
9 0 0 0 0 0 -1e-07 0 0 -9.9e-12 
10 0 0 0 0 0 -1e-07 0 0 -1.089e-11 
11 0 0 0 0 0 -1e-07 0 0 -1.188e-11 
12 0 0 0 0 0 -1e-07 0 0 -1.287e-11 
13 0 0 0 0 0 -1e-07 0 0 -1.386e-11 
14 0 0 0 0 0 -1e-07 0 0 -1.485e-11 
15 0 0 0 0 0 -1e-07 0 0 -1.584e-11 
16 0 0 0 0 0 -1e-07 0 0 -1.683e-11 
17 0 0 0 0 0 -1e-07 0 0 -1.782e-11 
18 0 0 0 0 0 -1e-07 0 0 -1.881e-11 
19 0 0 0 0 0 -1e-07 0 0 -1.98e-11 
20 0 0 0 0 0 -1e-07 0 0 -2.079e-11 
21 0 0 0 0 0 -1e-07 0 0 -2.178e-11 
22 0 0 0 0 0 -1e-07 0 0 -2.277e-11 
23 0 0 0 0 0 -1e-07 0 0 -2.376e-11 
24 0 0 0 0 0 -1e-07 0 0 -2.475e-11 
25 0 0 0 0 0 -1e-07 0 0 -2.574e-11 
26 0 0 0 0 0 -1e-07 0 0 -2.673e-11 
27 -8.47716e-12 -9.24568e-11 -0.0212739 0 0 -1e-07 0 0 -2.772e-11 
28 0 0 0 0 0 -1e-07 0 0 -2.871e-11 
29 5.7941e-11 -1.41279e-10 -0.0351646 0 0 -1e-07 0 0 -2.97e-11 
30 -1.48451e-10 -4.82183e-11 -0.0303801 0 0 -1e-07 0 0 -3.069e-11 
31 5.14277e-12 -8.12975e-11 -0.0188905 0 0 -1e-07 0 0 -3.168e-11 
32 -5.63819e-11 -1.78516e-10 -0.0318644 0 0 -1e-07 0 0 -3.267e-11 
33 7.05554e-05 7.64584e-05 -0.0613172 0 0 -1e-07 0 0 -3.366e-11 
34 -2.16701e-06 1.44415e-06 -0.0320063 0 0 -1e-07 0 0 -3.465e-11 
35 2.47713e-10 -4.16259e-11 -0.0259627 0 0 -1e-07 0 0 -3.564e-11 
36 3.72649e-11 -2.35907e-10 -0.0523657 0 0 -1e-07 0 0 -3.663e-11 
37 -4.74384e-05 -0.000154343 -0.0727211 0 0 -1e-07 0 0 -3.762e-11 
38 -3.50955e-06 -8.69324e-05 -0.0414162 0 0 -1e-07 0 0 -3.861e-11 
39 8.43571e-06 2.77218e-05 -0.0289533 0 0 -1e-07 0 0 -3.96e-11 
40 -0.000159795 -0.000186992 -0.168251 0 0 -1e-07 0 0 -4.059e-11 
41 0.000155452 4.01555e-05 -0.147866 0 0 -1e-07 0 0 -4.158e-11 
42 -0.0001111 4.3637e-05 -0.128335 0 0 -1e-07 0 0 -4.257e-11 
43 -2.74592e-05 -1.26672e-05 -0.0908526 0 0 -1e-07 0 0 -4.356e-11 
44 0.00014334 -0.000429903 -0.151399 0 0 -1e-07 0 0 -4.455e-11 
45 -3.90545e-05 -6.72529e-05 -0.0587686 0 0 -1e-07 0 0 -4.554e-11 
46 3.04972e-05 -2.51717e-05 -0.193505 0 0 -1e-07 0 0 -4.653e-11 
47 0.000191687 -0.000373362 -0.237435 0 0 -1e-07 0 0 -4.752e-11 
48 -0.000430881 -2.28655e-05 -0.134582 0 0 -1e-07 0 0 -4.851e-11 
49 0.000420007 -6.28417e-05 -0.148387 0 0 -1e-07 0 0 -4.95e-11 
50 0.000121229 7.67968e-05 -0.123424 0 0 -1e-07 0 0 -5.049e-11 
51 0.000321028 -0.000644714 -0.295904 0 0 -1e-07 0 0 -5.148e-11 
52 -0.00061472 0.000484546 -0.107816 0 0 -1e-07 0 0 -5.247e-11 
53 -0.0005967 -0.000242574 -0.160318 0 0 -1e-07 0 0 -5.346e-11 
54 7.78447e-05 -0.000143519 -0.271641 0 0 -1e-07 0 0 -5.445e-11 
55 -7.05407e-05 -0.000194663 -0.292998 0 0 -1e-07 0 0 -5.544e-11 
56 0.000478419 0.000630363 -0.264806 0 0 -1e-07 0 0 -5.643e-11 
57 -0.00112354 -0.000355095 -0.20822 0 0 -1e-07 0 0 -5.742e-11 
58 -0.000156681 0.00011725 -0.284474 0 0 -1e-07 0 0 -5.841e-11 
59 -0.000386732 -0.00119196 -0.331313 0 0 -1e-07 0 0 -5.94e-11 
60 0.000174496 0.000745307 -0.378505 0 0 -1e-07 0 0 -6.039e-11 
61 -0.000162085 -0.000529209 -0.321232 0 0 -1e-07 0 0 -6.138e-11 
62 -0.000288586 -0.000382351 -0.470422 0 0 -1e-07 0 0 -6.237e-11 
63 0.000931967 -0.000357513 -0.394045 0 0 -1e-07 0 0 -6.336e-11 
64 -0.00101369 -0.000818224 -0.356584 0 0 -1e-07 0 0 -6.435e-11 
65 0.000232638 -0.000227713 -0.348702 0 0 -1e-07 0 0 -6.534e-11 
66 0.00048423 -0.000218726 -0.504896 0 0 -1e-07 0 0 -6.633e-11 
67 0.000424604 -0.000914379 -0.334179 0 0 -1e-07 0 0 -6.732e-11 
68 0.000215593 -8.22835e-05 -0.301495 0 0 -1e-07 0 0 -6.831e-11 
69 -8.00048e-05 0.000196459 -0.331411 0 0 -1e-07 0 0 -6.93e-11 
70 0.000280454 0.00117255 -0.372645 0 0 -1e-07 0 0 -7.029e-11 
71 0.0010555 0.000513215 -0.434909 0 0 -1e-07 0 0 -7.128e-11 
72 5.66849e-05 6.83981e-06 -0.228178 0 0 -1e-07 0 0 -7.227e-11 
73 -0.00185664 -0.00207881 -0.543294 0 0 -1e-07 0 0 -7.326e-11 
74 0.000164706 -0.000769998 -0.372998 0 0 -1e-07 0 0 -7.425e-11 
75 -0.00190293 0.00163351 -0.30281 0 0 -1e-07 0 0 -7.524e-11 
76 -0.000239729 -0.00159515 -0.482941 0 0 -1e-07 0 0 -7.623e-11 
77 -0.000626483 0.000416451 -0.402317 0 0 -1e-07 0 0 -7.722e-11 
78 -0.000135069 0.00028911 -0.322164 0 0 -1e-07 0 0 -7.821e-11 
79 0.000557305 -0.000916855 -0.419146 0 0 -1e-07 0 0 -7.92e-11 
80 0.00138202 0.000366776 -0.261488 0 0 -1e-07 0 0 -8.019e-11 
81 -0.000142628 -0.000629521 -0.335697 0 0 -1e-07 0 0 -8.118e-11 
82 -0.00118086 -0.00213657 -0.579663 0 0 -1e-07 0 0 -8.217e-11 
83 -0.00263119 0.00113337 -0.451285 0 0 -1e-07 0 0 -8.316e-11 
84 -0.000405678 -0.00173481 -0.353009 0 0 -1e-07 0 0 -8.415e-11 
85 -0.00200691 -0.00243729 -0.372489 0 0 -1e-07 0 0 -8.514e-11 
86 0.000724614 -0.00188736 -0.413577 0 0 -1e-07 0 0 -8.613e-11 
87 -0.0015726 -4.84658e-05 -0.312717 0 0 -1e-07 0 0 -8.712e-11 
88 4.75795e-05 0.000990348 -0.521126 0 0 -1e-07 0 0 -8.811e-11 
89 0.000242711 0.000818319 -0.496213 0 0 -1e-07 0 0 -8.91e-11 
90 -0.00248951 0.000776626 -0.606236 0 0 -1e-07 0 0 -9.009e-11 
91 -0.00111852 0.00128244 -0.491151 0 0 -1e-07 0 0 -9.108e-11 
92 0.00065344 -0.00110804 -0.395659 0 0 -1e-07 0 0 -9.207e-11 
93 -0.00101489 -0.00152388 -0.362517 0 0 -1e-07 0 0 -9.306e-11 
94 -0.00147069 -0.00117688 -0.343064 0 0 -1e-07 0 0 -9.405e-11 
95 0.000932922 0.000748342 -0.418666 0 0 -1e-07 0 0 -9.504e-11 
96 -0.000162643 0.000988623 -0.391142 0 0 -1e-07 0 0 -9.603e-11 
97 0.00119716 -0.000433723 -0.484838 0 0 -1e-07 0 0 -9.702e-11 
98 0.000511883 0.000516161 -0.424991 0 0 -1e-07 0 0 -9.801e-11 
99 -0.000674415 0.0016675 -0.486726 0 0 -1e-07 0 0 -9.9e-11 
100 -0.00176314 -0.00216809 -0.528418 0 0 -1e-07 0 0 -9.999e-11 
101 -0.000313343 -0.00206975 -0.225836 0 0 -1e-07 0 0 -1.0098e-10 
102 0.00104309 -0.00195876 -0.519326 0 0 -1e-07 0 0 -1.0197e-10 
103 0.000550705 -0.000489567 -0.277371 0 0 -1e-07 0 0 -1.0296e-10 
104 -0.000179523 -5.63225e-05 -0.513183 0 0 -1e-07 0 0 -1.0395e-10 
105 0.000652645 0.000173921 -0.478145 0 0 -1e-07 0 0 -1.0494e-10 
106 0.00159297 -0.000485589 -0.39326 0 0 -1e-07 0 0 -1.0593e-10 
107 -0.000803585 0.00196975 -0.299135 0 0 -1e-07 0 0 -1.0692e-10 
108 -0.000689902 -0.000592648 -0.344762 0 0 -1e-07 0 0 -1.0791e-10 
109 -0.000204918 -0.00109486 -0.25398 0 0 -1e-07 0 0 -1.089e-10 
110 -0.000691002 -0.00046888 -0.326653 0 0 -1e-07 0 0 -1.0989e-10 
111 -0.00126176 0.0011052 -0.432124 0 0 -1e-07 0 0 -1.1088e-10 
112 -0.00136386 -0.000497421 -0.465634 0 0 -1e-07 0 0 -1.1187e-10 
113 0.000252589 -0.00215017 -0.545854 0 0 -1e-07 0 0 -1.1286e-10 
114 0.00315964 0.000593335 -0.606337 0 0 -1e-07 0 0 -1.1385e-10 
115 -0.000537717 -0.00193759 -0.690169 0 0 -1e-07 0 0 -1.1484e-10 
116 -0.0012872 -0.0015398 -0.441266 0 0 -1e-07 0 0 -1.1583e-10 
117 -0.000335116 -0.000358648 -0.412392 0 0 -1e-07 0 0 -1.1682e-10 
118 -0.00186392 -0.00275314 -0.37976 0 0 -1e-07 0 0 -1.1781e-10 
119 -0.000720195 0.000466613 -0.151462 0 0 -1e-07 0 0 -1.188e-10 
120 -0.000140941 -0.000955549 -0.301827 0 0 -1e-07 0 0 -1.1979e-10 
121 -0.00025089 -0.000271483 -0.337784 0 0 -1e-07 0 0 -1.2078e-10 
122 -0.000615011 -0.000431371 -0.470975 0 0 -1e-07 0 0 -1.2177e-10 
123 -0.00217524 0.0022373 -0.53318 0 0 -1e-07 0 0 -1.2276e-10 
124 0.00206 -0.000895247 -0.541659 0 0 -1e-07 0 0 -1.2375e-10 
125 0.00124245 0.00110871 -0.344321 0 0 -1e-07 0 0 -1.2474e-10 
126 0.000229054 -1.72133e-05 -0.492073 0 0 -1e-07 0 0 -1.2573e-10 
127 5.18837e-05 -0.00402007 -0.61738 0 0 -1e-07 0 0 -1.2672e-10 
128 0.000620356 -9.28258e-05 -0.325382 0 0 -1e-07 0 0 -1.2771e-10 
129 -0.00106032 -0.00214577 -0.282289 0 0 -1e-07 0 0 -1.287e-10 
130 0.00254182 -0.000234691 -0.569729 0 0 -1e-07 0 0 -1.2969e-10 
131 -0.00288774 -0.000983536 -0.669863 0 0 -1e-07 0 0 -1.3068e-10 
132 0.00155578 0.00668815 -0.478651 0 0 -1e-07 0 0 -1.3167e-10 
133 0.00147262 0.000956254 -0.310887 0 0 -1e-07 0 0 -1.3266e-10 
134 4.62091e-06 0.00114107 -0.441643 0 0 -1e-07 0 0 -1.3365e-10 
135 -0.000707524 -0.00216505 -0.491759 0 0 -1e-07 0 0 -1.3464e-10 
136 -1.15205e-05 4.36131e-05 -0.33766 0 0 -1e-07 0 0 -1.3563e-10 
137 -0.000710587 -0.00233984 -0.447926 0 0 -1e-07 0 0 -1.3662e-10 
138 -0.00223557 -0.00582475 -0.427509 0 0 -1e-07 0 0 -1.3761e-10 
139 -0.00138975 -0.0035475 -0.489816 0 0 -1e-07 0 0 -1.386e-10 
140 -0.00017941 0.0010908 -0.270163 0 0 -1e-07 0 0 -1.3959e-10 
141 0.000827619 0.00223551 -0.396582 0 0 -1e-07 0 0 -1.4058e-10 
142 4.55498e-05 -0.00158342 -0.32085 0 0 -1e-07 0 0 -1.4157e-10 
143 0.000790912 -3.29302e-05 -0.370338 0 0 -1e-07 0 0 -1.4256e-10 
144 0.00175931 -0.00176382 -0.732618 0 0 -1e-07 0 0 -1.4355e-10 
145 -0.00360985 -0.00345398 -0.503293 0 0 -1e-07 0 0 -1.4454e-10 
146 -0.00133182 -0.00108135 -0.388792 0 0 -1e-07 0 0 -1.4553e-10 
147 -0.00290673 -0.00149228 -0.44701 0 0 -1e-07 0 0 -1.4652e-10 
148 -0.00172234 0.00433297 -0.353945 0 0 -1e-07 0 0 -1.4751e-10 
149 0.00464531 0.000734892 -0.375244 0 0 -1e-07 0 0 -1.485e-10 
150 0.00325453 -0.000723818 -0.560992 0 0 -1e-07 0 0 -1.4949e-10 
151 0.00186159 0.000729826 -0.342944 0 0 -1e-07 0 0 -1.5048e-10 
152 -0.00214353 -0.000194202 -0.344778 0 0 -1e-07 0 0 -1.5147e-10 
153 -0.00200637 -0.00217914 -0.52623 0 0 -1e-07 0 0 -1.5246e-10 
154 -0.0034341 -0.00111503 -0.465769 0 0 -1e-07 0 0 -1.5345e-10 
155 -0.00121072 0.00105724 -0.436646 0 0 -1e-07 0 0 -1.5444e-10 
156 -0.0010641 -0.00229487 -0.274031 0 0 -1e-07 0 0 -1.5543e-10 
157 -3.32919e-05 0.000872372 -0.527461 0 0 -1e-07 0 0 -1.5642e-10 
158 -0.00145292 0.000781179 -0.468705 0 0 -1e-07 0 0 -1.5741e-10 
159 0.00221205 -0.00195095 -0.495915 0 0 -1e-07 0 0 -1.584e-10 
160 -0.000684644 0.00203285 -0.466607 0 0 -1e-07 0 0 -1.5939e-10 
161 -0.00112183 -0.000516443 -0.40429 0 0 -1e-07 0 0 -1.6038e-10 
162 -0.00141205 -0.00516251 -0.556101 0 0 -1e-07 0 0 -1.6137e-10 
163 -0.0010988 -0.000934924 -0.396779 0 0 -1e-07 0 0 -1.6236e-10 
164 -0.00138344 0.00261628 -0.466367 0 0 -1e-07 0 0 -1.6335e-10 
165 -0.00245875 0.00127023 -0.33777 0 0 -1e-07 0 0 -1.6434e-10 
166 0.000975663 -0.00207894 -0.494392 0 0 -1e-07 0 0 -1.6533e-10 
167 0.00125278 0.00127851 -0.382347 0 0 -1e-07 0 0 -1.6632e-10 
168 0.001543 -0.000498547 -0.466161 0 0 -1e-07 0 0 -1.6731e-10 
169 -0.00148539 -0.00328554 -0.354189 0 0 -1e-07 0 0 -1.683e-10 
170 -0.00176305 -0.00289944 -0.543481 0 0 -1e-07 0 0 -1.6929e-10 
171 0.000284772 -0.000852425 -0.423372 0 0 -1e-07 0 0 -1.7028e-10 
172 -0.00175835 0.000792253 -0.463943 0 0 -1e-07 0 0 -1.7127e-10 
173 -0.000274429 5.89476e-06 -0.293951 0 0 -1e-07 0 0 -1.7226e-10 
174 -0.000329864 0.000609118 -0.400594 0 0 -1e-07 0 0 -1.7325e-10 
175 0.00380942 -0.00215155 -0.531851 0 0 -1e-07 0 0 -1.7424e-10 
176 0.000917338 -0.00129405 -0.561484 0 0 -1e-07 0 0 -1.7523e-10 
177 0.00367631 -0.00217393 -0.442869 0 0 -1e-07 0 0 -1.7622e-10 
178 -2.99573e-05 -0.00368114 -0.461213 0 0 -1e-07 0 0 -1.7721e-10 
179 0.00123329 -0.00140141 -0.515127 0 0 -1e-07 0 0 -1.782e-10 
180 -0.00331887 -0.00194316 -0.366534 0 0 -1e-07 0 0 -1.7919e-10 
181 -0.000482393 0.00219587 -0.460613 0 0 -1e-07 0 0 -1.8018e-10 
182 0.00322012 0.000664318 -0.268658 0 0 -1e-07 0 0 -1.8117e-10 
183 0.00147186 -0.000611714 -0.419981 0 0 -1e-07 0 0 -1.8216e-10 
184 -0.000720413 -0.00114921 -0.563296 0 0 -1e-07 0 0 -1.8315e-10 
185 -0.00105578 0.000840982 -0.628243 0 0 -1e-07 0 0 -1.8414e-10 
186 0.000116615 -0.00178947 -0.429311 0 0 -1e-07 0 0 -1.8513e-10 
187 -0.000208498 -0.00309679 -0.651345 0 0 -1e-07 0 0 -1.8612e-10 
188 -0.00127856 -0.00193931 -0.535188 0 0 -1e-07 0 0 -1.8711e-10 
189 0.00051685 3.9026e-05 -0.445557 0 0 -1e-07 0 0 -1.881e-10 
190 -0.000224134 -0.00128292 -0.356507 0 0 -1e-07 0 0 -1.8909e-10 
191 -0.00051876 -0.000714611 -0.404074 0 0 -1e-07 0 0 -1.9008e-10 
192 0.00287607 0.000796775 -0.531781 0 0 -1e-07 0 0 -1.9107e-10 
193 0.00208615 0.000348259 -0.478076 0 0 -1e-07 0 0 -1.9206e-10 
194 0.000706184 -0.000545077 -0.589417 0 0 -1e-07 0 0 -1.9305e-10 
195 -0.00137895 -0.000106822 -0.494228 0 0 -1e-07 0 0 -1.9404e-10 
196 0.000436848 -0.000214395 -0.438995 0 0 -1e-07 0 0 -1.9503e-10 
197 -0.000716773 0.00350922 -0.360334 0 0 -1e-07 0 0 -1.9602e-10 
198 0.000162109 0.000371965 -0.221734 0 0 -1e-07 0 0 -1.9701e-10 
199 0.00220115 9.19154e-05 -0.380281 0 0 -1e-07 0 0 -1.98e-10 
200 0.000728407 -0.00142842 -0.373968 0 0 -1e-07 0 0 -1.9899e-10 
