# step Fx Fy Fz Vx Vy Vz Dx Dy Dz 
0 0 0 0 0 0 -1e-07 0 0 -9.80105e-13 
1 0 0 0 0 0 -1e-07 0 0 -1.96021e-12 
2 0 0 0 0 0 -1e-07 0 0 -2.94031e-12 
3 0 0 0 0 0 -1e-07 0 0 -3.92042e-12 
4 0 0 0 0 0 -1e-07 0 0 -4.90052e-12 
5 0 0 0 0 0 -1e-07 0 0 -5.88063e-12 
6 0 0 0 0 0 -1e-07 0 0 -6.86073e-12 
7 0 0 0 0 0 -1e-07 0 0 -7.84084e-12 
8 0 0 0 0 0 -1e-07 0 0 -8.82094e-12 
9 0 0 0 0 0 -1e-07 0 0 -9.80105e-12 
10 0 0 0 0 0 -1e-07 0 0 -1.07812e-11 
11 0 0 0 0 0 -1e-07 0 0 -1.17613e-11 
12 0 0 0 0 0 -1e-07 0 0 -1.27414e-11 
13 0 0 0 0 0 -1e-07 0 0 -1.37215e-11 
14 0 0 0 0 0 -1e-07 0 0 -1.47016e-11 
15 0 0 0 0 0 -1e-07 0 0 -1.56817e-11 
16 0 0 0 0 0 -1e-07 0 0 -1.66618e-11 
17 0 0 0 0 0 -1e-07 0 0 -1.76419e-11 
18 0 0 0 0 0 -1e-07 0 0 -1.8622e-11 
19 0 0 0 0 0 -1e-07 0 0 -1.96021e-11 
20 0 0 0 0 0 -1e-07 0 0 -2.05822e-11 
21 0 0 0 0 0 -1e-07 0 0 -2.15623e-11 
22 0 0 0 0 0 -1e-07 0 0 -2.25424e-11 
23 0 0 0 0 0 -1e-07 0 0 -2.35225e-11 
24 0 0 0 0 0 -1e-07 0 0 -2.45026e-11 
25 0 0 0 0 0 -1e-07 0 0 -2.54827e-11 
26 0 0 0 0 0 -1e-07 0 0 -2.64628e-11 
27 -9.48527e-11 -8.70073e-11 -0.0250729 0 0 -1e-07 0 0 -2.74429e-11 
28 0 0 0 0 0 -1e-07 0 0 -2.8423e-11 
29 -1.17491e-09 -5.58173e-10 -0.0414442 0 0 -1e-07 0 0 -2.94031e-11 
30 -2.09053e-10 -7.52078e-11 -0.0358054 0 0 -1e-07 0 0 -3.03833e-11 
31 0 0 0 0 0 -1e-07 0 0 -3.13634e-11 
32 -1.62944e-10 1.99916e-10 -0.0605368 0 0 -1e-07 0 0 -3.23435e-11 
33 7.89721e-05 7.4024e-05 -0.0724515 0 0 -1e-07 0 0 -3.33236e-11 
34 -2.88782e-06 1.9856e-06 -0.037718 0 0 -1e-07 0 0 -3.43037e-11 
35 0 0 0 0 0 -1e-07 0 0 -3.52838e-11 
36 7.06884e-10 -3.9516e-11 -0.0931904 0 0 -1e-07 0 0 -3.62639e-11 
37 -0.00010078 -0.000277581 -0.0508036 0 0 -1e-07 0 0 -3.7244e-11 
38 5.70413e-05 -0.000230667 -0.103679 0 0 -1e-07 0 0 -3.82241e-11 
39 8.97704e-11 4.28961e-12 -0.0159735 0 0 -1e-07 0 0 -3.92042e-11 
40 -6.12752e-05 6.9705e-05 -0.168312 0 0 -1e-07 0 0 -4.01843e-11 
41 -4.29452e-05 -2.31535e-05 -0.13249 0 0 -1e-07 0 0 -4.11644e-11 
42 -0.000523525 -0.000180589 -0.170032 0 0 -1e-07 0 0 -4.21445e-11 
43 0.000268117 -0.000406094 -0.125403 0 0 -1e-07 0 0 -4.31246e-11 
44 1.42237e-06 -0.00102794 -0.242185 0 0 -1e-07 0 0 -4.41047e-11 
45 -0.000119316 -8.97498e-05 -0.070718 0 0 -1e-07 0 0 -4.50848e-11 
46 7.62061e-05 -0.000306218 -0.0842413 0 0 -1e-07 0 0 -4.60649e-11 
47 -1.82922e-05 -0.000628483 -0.264452 0 0 -1e-07 0 0 -4.7045e-11 
48 -0.000200931 -0.000172949 -0.27021 0 0 -1e-07 0 0 -4.80251e-11 
49 0.000537573 1.37323e-05 -0.101122 0 0 -1e-07 0 0 -4.90052e-11 
50 0.000302223 0.000392709 -0.145858 0 0 -1e-07 0 0 -4.99853e-11 
51 8.49339e-05 0.000390232 -0.292822 0 0 -1e-07 0 0 -5.09655e-11 
52 -9.44905e-05 -0.000209016 -0.363031 0 0 -1e-07 0 0 -5.19456e-11 
53 -0.000394501 0.00138947 -0.184417 0 0 -1e-07 0 0 -5.29257e-11 
54 -5.18238e-05 -0.000375427 -0.272427 0 0 -1e-07 0 0 -5.39058e-11 
55 -5.17345e-06 -0.000592937 -0.251756 0 0 -1e-07 0 0 -5.48859e-11 
56 0.000335018 -0.00101437 -0.474187 0 0 -1e-07 0 0 -5.5866e-11 
57 0.000403569 -6.66514e-05 -0.235167 0 0 -1e-07 0 0 -5.68461e-11 
58 -0.000203847 -0.000367229 -0.385529 0 0 -1e-07 0 0 -5.78262e-11 
59 -0.000243148 -0.000871799 -0.238107 0 0 -1e-07 0 0 -5.88063e-11 
60 -0.000296495 -0.00111713 -0.315111 0 0 -1e-07 0 0 -5.97864e-11 
61 0.000538526 6.61067e-05 -0.615806 0 0 -1e-07 0 0 -6.07665e-11 
62 0.000396608 -9.83065e-05 -0.488215 0 0 -1e-07 0 0 -6.17466e-11 
63 -0.00174147 -0.00147933 -0.441984 0 0 -1e-07 0 0 -6.27267e-11 
64 -0.000673091 0.000203317 -0.332704 0 0 -1e-07 0 0 -6.37068e-11 
65 0.000357676 -0.00109242 -0.348946 0 0 -1e-07 0 0 -6.46869e-11 
66 0.000181063 -0.000889993 -0.493789 0 0 -1e-07 0 0 -6.5667e-11 
67 0.000858749 0.00165352 -0.246199 0 0 -1e-07 0 0 -6.66471e-11 
68 0.000984658 -0.00180132 -0.480717 0 0 -1e-07 0 0 -6.76272e-11 
69 0.00181877 0.00119896 -0.566286 0 0 -1e-07 0 0 -6.86073e-11 
70 0.00114825 -0.000495329 -0.520221 0 0 -1e-07 0 0 -6.95874e-11 
71 -4.78238e-05 -0.00114017 -0.442761 0 0 -1e-07 0 0 -7.05676e-11 
72 0.000864338 -0.000996159 -0.32109 0 0 -1e-07 0 0 -7.15477e-11 
73 -0.000313901 -0.000497957 -0.51611 0 0 -1e-07 0 0 -7.25278e-11 
74 -0.000736827 -0.00276169 -0.527051 0 0 -1e-07 0 0 -7.35079e-11 
75 -0.00110592 -0.00318636 -0.471771 0 0 -1e-07 0 0 -7.4488e-11 
76 -0.000244756 -0.00366339 -0.575738 0 0 -1e-07 0 0 -7.54681e-11 
77 -0.000448894 0.00277981 -0.55243 0 0 -1e-07 0 0 -7.64482e-11 
78 0.00289432 0.00342666 -0.565802 0 0 -1e-07 0 0 -7.74283e-11 
79 0.00181742 0.00136806 -0.347645 0 0 -1e-07 0 0 -7.84084e-11 
80 -0.000791374 -0.00270594 -0.619655 0 0 -1e-07 0 0 -7.93885e-11 
81 0.000235397 0.00193424 -0.527389 0 0 -1e-07 0 0 -8.03686e-11 
82 -0.000210058 -0.00112927 -0.451112 0 0 -1e-07 0 0 -8.13487e-11 
83 0.000180369 -0.00208648 -0.543964 0 0 -1e-07 0 0 -8.23288e-11 
84 -0.000245751 -0.00110504 -0.335253 0 0 -1e-07 0 0 -8.33089e-11 
85 -0.00105504 0.000196848 -0.544182 0 0 -1e-07 0 0 -8.4289e-11 
86 0.0020139 -0.0016375 -0.592062 0 0 -1e-07 0 0 -8.52691e-11 
87 -0.00123275 -0.000352797 -0.463536 0 0 -1e-07 0 0 -8.62492e-11 
88 3.11526e-05 -0.0029166 -0.555566 0 0 -1e-07 0 0 -8.72293e-11 
89 0.0027835 -1.8894e-05 -0.380353 0 0 -1e-07 0 0 -8.82094e-11 
90 -0.00253394 -0.0029453 -0.51921 0 0 -1e-07 0 0 -8.91895e-11 
91 -0.00357491 -0.00275455 -0.581382 0 0 -1e-07 0 0 -9.01696e-11 
92 -0.00300895 5.60764e-05 -0.566135 0 0 -1e-07 0 0 -9.11498e-11 
93 0.000856973 0.00102656 -0.321202 0 0 -1e-07 0 0 -9.21299e-11 
94 0.00183933 0.000512989 -0.541005 0 0 -1e-07 0 0 -9.311e-11 
95 0.00212619 -0.000242068 -0.505689 0 0 -1e-07 0 0 -9.40901e-11 
96 -0.00108602 0.0015941 -0.470088 0 0 -1e-07 0 0 -9.50702e-11 
97 -0.000242489 -0.000727366 -0.528463 0 0 -1e-07 0 0 -9.60503e-11 
98 -0.00147661 -0.00379317 -0.56545 0 0 -1e-07 0 0 -9.70304e-11 
99 0.00132199 -0.0024722 -0.720591 0 0 -1e-07 0 0 -9.80105e-11 
100 -0.000654322 0.00147658 -0.452433 0 0 -1e-07 0 0 -9.89906e-11 
101 0.00220857 0.000565431 -0.462381 0 0 -1e-07 0 0 -9.99707e-11 
102 0.00311278 0.000137221 -0.742726 0 0 -1e-07 0 0 -1.00951e-10 
103 0.000626618 -0.00139947 -0.313522 0 0 -1e-07 0 0 -1.01931e-10 
104 -0.00116339 -0.000531136 -0.418562 0 0 -1e-07 0 0 -1.02911e-10 
105 -0.00197858 -0.00342913 -0.384058 0 0 -1e-07 0 0 -1.03891e-10 
106 0.000909426 0.00131534 -0.426661 0 0 -1e-07 0 0 -1.04871e-10 
107 0.00139083 0.00290784 -0.5048 0 0 -1e-07 0 0 -1.05851e-10 
108 -0.00233654 -0.000957087 -0.486876 0 0 -1e-07 0 0 -1.06831e-10 
109 0.00209963 -0.00160962 -0.549266 0 0 -1e-07 0 0 -1.07812e-10 
110 -0.00109306 -0.00258569 -0.726334 0 0 -1e-07 0 0 -1.08792e-10 
111 -0.00137575 0.00157514 -0.657561 0 0 -1e-07 0 0 -1.09772e-10 
112 0.00144083 -0.00171731 -0.664658 0 0 -1e-07 0 0 -1.10752e-10 
113 -0.00136258 -0.00103721 -0.290123 0 0 -1e-07 0 0 -1.11732e-10 
114 0.000242773 0.000696891 -0.416024 0 0 -1e-07 0 0 -1.12712e-10 
115 -0.00211232 -0.00416084 -0.692153 0 0 -1e-07 0 0 -1.13692e-10 
116 -0.000552679 -0.000202949 -0.485843 0 0 -1e-07 0 0 -1.14672e-10 
117 -0.00122635 -0.00178542 -0.534826 0 0 -1e-07 0 0 -1.15652e-10 
118 -0.000240129 0.000504693 -0.341734 0 0 -1e-07 0 0 -1.16632e-10 
119 0.000664799 0.00228932 -0.640288 0 0 -1e-07 0 0 -1.17613e-10 
120 -0.0013082 -0.00215571 -0.713749 0 0 -1e-07 0 0 -1.18593e-10 
121 -0.00192085 -0.000416131 -0.461147 0 0 -1e-07 0 0 -1.19573e-10 
122 -0.00270444 0.00016589 -0.503573 0 0 -1e-07 0 0 -1.20553e-10 
123 -0.000295159 -0.00458239 -0.585416 0 0 -1e-07 0 0 -1.21533e-10 
124 0.00419488 0.000948066 -0.571465 0 0 -1e-07 0 0 -1.22513e-10 
125 0.00201951 0.00243338 -0.580437 0 0 -1e-07 0 0 -1.23493e-10 
126 9.24229e-06 0.001106 -0.554741 0 0 -1e-07 0 0 -1.24473e-10 
127 -0.000380691 0.000657252 -0.450181 0 0 -1e-07 0 0 -1.25453e-10 
128 -0.000990312 -0.00333689 -0.525389 0 0 -1e-07 0 0 -1.26434e-10 
129 0.00327622 -0.000771422 -0.437066 0 0 -1e-07 0 0 -1.27414e-10 
130 -0.000102944 -0.000478457 -0.556518 0 0 -1e-07 0 0 -1.28394e-10 
131 0.000128475 0.00126827 -0.645002 0 0 -1e-07 0 0 -1.29374e-10 
132 -0.00462787 -0.00112481 -0.535428 0 0 -1e-07 0 0 -1.30354e-10 
133 -0.00115456 -0.000718852 -0.517909 0 0 -1e-07 0 0 -1.31334e-10 
134 -0.00125525 0.000708396 -0.496521 0 0 -1e-07 0 0 -1.32314e-10 
135 -0.000545937 -0.00275811 -0.604195 0 0 -1e-07 0 0 -1.33294e-10 
136 0.00081604 0.00242878 -0.635441 0 0 -1e-07 0 0 -1.34274e-10 
137 0.00155508 0.00116486 -0.355585 0 0 -1e-07 0 0 -1.35254e-10 
138 -0.000200974 0.000293941 -0.571775 0 0 -1e-07 0 0 -1.36235e-10 
139 -0.00361868 -0.00642861 -0.572901 0 0 -1e-07 0 0 -1.37215e-10 
140 -0.00071421 0.000808701 -0.549991 0 0 -1e-07 0 0 -1.38195e-10 
141 9.50973e-05 -0.0042251 -0.500247 0 0 -1e-07 0 0 -1.39175e-10 
142 -0.000906649 -0.00305239 -0.458091 0 0 -1e-07 0 0 -1.40155e-10 
143 -0.00305206 -0.00206202 -0.816594 0 0 -1e-07 0 0 -1.41135e-10 
144 0.00541222 0.00541239 -0.646433 0 0 -1e-07 0 0 -1.42115e-10 
145 0.000541928 -0.00119101 -0.600961 0 0 -1e-07 0 0 -1.43095e-10 
146 -0.00183126 -0.00287088 -0.69315 0 0 -1e-07 0 0 -1.44075e-10 
147 0.000450025 -0.00586753 -0.709061 0 0 -1e-07 0 0 -1.45056e-10 
148 0.00172796 -0.00156002 -0.421546 0 0 -1e-07 0 0 -1.46036e-10 
149 -0.000789651 -4.24905e-05 -0.333225 0 0 -1e-07 0 0 -1.47016e-10 
150 -0.00338182 -0.00219844 -0.463469 0 0 -1e-07 0 0 -1.47996e-10 
151 -0.00111576 0.00212142 -0.468595 0 0 -1e-07 0 0 -1.48976e-10 
152 -0.0010688 0.00191198 -0.593997 0 0 -1e-07 0 0 -1.49956e-10 
153 -0.000781055 -0.000594381 -0.631895 0 0 -1e-07 0 0 -1.50936e-10 
154 0.00142895 -0.000435971 -0.719937 0 0 -1e-07 0 0 -1.51916e-10 
155 -0.001067 0.00156292 -0.873268 0 0 -1e-07 0 0 -1.52896e-10 
156 -0.001166 0.000865583 -0.474059 0 0 -1e-07 0 0 -1.53876e-10 
157 -0.00290819 -0.00172558 -0.571827 0 0 -1e-07 0 0 -1.54857e-10 
158 -0.000761827 -0.000372325 -0.492388 0 0 -1e-07 0 0 -1.55837e-10 
159 7.50313e-05 -0.000312468 -0.32101 0 0 -1e-07 0 0 -1.56817e-10 
160 0.00171541 -0.00117997 -0.619304 0 0 -1e-07 0 0 -1.57797e-10 
161 0.00165229 -0.000235933 -0.335468 0 0 -1e-07 0 0 -1.58777e-10 
162 0.000957197 -0.0014694 -0.447989 0 0 -1e-07 0 0 -1.59757e-10 
163 -0.00116771 -0.00422463 -0.633157 0 0 -1e-07 0 0 -1.60737e-10 
164 -0.000450981 -0.00459737 -0.457358 0 0 -1e-07 0 0 -1.61717e-10 
165 -7.40192e-06 -0.00122037 -0.4458 0 0 -1e-07 0 0 -1.62697e-10 
166 -0.00168736 0.00277871 -0.557711 0 0 -1e-07 0 0 -1.63678e-10 
167 0.000441444 0.0018352 -0.666134 0 0 -1e-07 0 0 -1.64658e-10 
168 0.00212339 0.00303117 -0.64701 0 0 -1e-07 0 0 -1.65638e-10 
169 0.000901187 0.00227121 -0.689902 0 0 -1e-07 0 0 -1.66618e-10 
170 -0.00341093 -0.00170716 -0.866954 0 0 -1e-07 0 0 -1.67598e-10 
171 -0.00339231 -0.00583669 -0.660471 0 0 -1e-07 0 0 -1.68578e-10 
172 -0.00188605 -0.000732513 -0.329481 0 0 -1e-07 0 0 -1.69558e-10 
173 -0.000309544 0.00108632 -0.487055 0 0 -1e-07 0 0 -1.70538e-10 
174 -0.00237039 0.001002 -0.42792 0 0 -1e-07 0 0 -1.71518e-10 
175 -0.000664415 0.000818647 -0.578323 0 0 -1e-07 0 0 -1.72498e-10 
176 -0.000888375 -0.00228413 -0.645767 0 0 -1e-07 0 0 -1.73479e-10 
177 0.0039446 0.0045024 -0.703686 0 0 -1e-07 0 0 -1.74459e-10 
178 -0.00190631 -0.000623853 -0.748118 0 0 -1e-07 0 0 -1.75439e-10 
179 0.00209192 -0.00103296 -0.411897 0 0 -1e-07 0 0 -1.76419e-10 
180 -0.00320642 -0.000549561 -0.641608 0 0 -1e-07 0 0 -1.77399e-10 
181 -0.00252925 0.00208955 -0.485604 0 0 -1e-07 0 0 -1.78379e-10 
182 0.00149574 -0.00182005 -0.371776 0 0 -1e-07 0 0 -1.79359e-10 
183 0.00261738 -0.00151695 -0.583323 0 0 -1e-07 0 0 -1.80339e-10 
184 0.0030987 0.00220456 -0.63734 0 0 -1e-07 0 0 -1.81319e-10 
185 0.00161205 0.00224785 -0.571441 0 0 -1e-07 0 0 -1.823e-10 
186 -0.00340129 -0.00153265 -0.628794 0 0 -1e-07 0 0 -1.8328e-10 
187 0.000725499 0.000925198 -0.716243 0 0 -1e-07 0 0 -1.8426e-10 
188 -0.00100507 -0.00460732 -0.550277 0 0 -1e-07 0 0 -1.8524e-10 
189 -0.000367263 0.00172175 -0.498208 0 0 -1e-07 0 0 -1.8622e-10 
190 0.00224605 -0.002267 -0.490781 0 0 -1e-07 0 0 -1.872e-10 
191 0.00408529 0.000413697 -0.647303 0 0 -1e-07 0 0 -1.8818e-10 
192 0.00344544 0.00155223 -0.707135 0 0 -1e-07 0 0 -1.8916e-10 
193 0.00447586 -0.00270175 -0.829191 0 0 -1e-07 0 0 -1.9014e-10 
194 -0.00092569 0.00136643 -0.536284 0 0 -1e-07 0 0 -1.9112e-10 
195 -0.00154983 0.00224531 -0.268191 0 0 -1e-07 0 0 -1.92101e-10 
196 -0.00330192 -0.00168783 -0.417463 0 0 -1e-07 0 0 -1.93081e-10 
197 -0.00356797 0.00178786 -0.38799 0 0 -1e-07 0 0 -1.94061e-10 
198 0.000263072 0.00122628 -0.46738 0 0 -1e-07 0 0 -1.95041e-10 
199 0.00191233 -0.000892533 -0.344576 0 0 -1e-07 0 0 -1.96021e-10 
200 0.000713474 -0.0010654 -0.881307 0 0 -1e-07 0 0 -1.97001e-10 
