# step Fx Fy Fz Vx Vy Vz Dx Dy Dz 
0 0 0 0 0 0 -1e-07 0 0 -1.18799e-12 
1 0 0 0 0 0 -1e-07 0 0 -2.37599e-12 
2 0 0 0 0 0 -1e-07 0 0 -3.56398e-12 
3 0 0 0 0 0 -1e-07 0 0 -4.75198e-12 
4 0 0 0 0 0 -1e-07 0 0 -5.93997e-12 
5 0 0 0 0 0 -1e-07 0 0 -7.12796e-12 
6 0 0 0 0 0 -1e-07 0 0 -8.31596e-12 
7 0 0 0 0 0 -1e-07 0 0 -9.50395e-12 
8 0 0 0 0 0 -1e-07 0 0 -1.06919e-11 
9 0 0 0 0 0 -1e-07 0 0 -1.18799e-11 
10 0 0 0 0 0 -1e-07 0 0 -1.30679e-11 
11 0 0 0 0 0 -1e-07 0 0 -1.42559e-11 
12 0 0 0 0 0 -1e-07 0 0 -1.54439e-11 
13 0 0 0 0 0 -1e-07 0 0 -1.66319e-11 
14 0 0 0 0 0 -1e-07 0 0 -1.78199e-11 
15 0 0 0 0 0 -1e-07 0 0 -1.90079e-11 
16 0 0 0 0 0 -1e-07 0 0 -2.01959e-11 
17 0 0 0 0 0 -1e-07 0 0 -2.13839e-11 
18 0 0 0 0 0 -1e-07 0 0 -2.25719e-11 
19 0 0 0 0 0 -1e-07 0 0 -2.37599e-11 
20 0 0 0 0 0 -1e-07 0 0 -2.49479e-11 
21 0 0 0 0 0 -1e-07 0 0 -2.61359e-11 
22 0 0 0 0 0 -1e-07 0 0 -2.73239e-11 
23 -1.00834e-11 -5.60689e-11 -0.0176043 0 0 -1e-07 0 0 -2.85119e-11 
24 6.07779e-11 -7.0168e-11 -0.0282701 0 0 -1e-07 0 0 -2.96999e-11 
25 -8.02223e-11 -9.5574e-11 -0.0245933 0 0 -1e-07 0 0 -3.08878e-11 
26 1.2582e-10 1.61625e-11 -0.0153909 0 0 -1e-07 0 0 -3.20758e-11 
27 -4.02255e-10 -5.25821e-11 -0.0600334 0 0 -1e-07 0 0 -3.32638e-11 
28 3.70724e-11 -1.59985e-10 -0.0255993 0 0 -1e-07 0 0 -3.44518e-11 
29 2.98017e-05 -2.69685e-05 -0.0283973 0 0 -1e-07 0 0 -3.56398e-11 
30 3.8969e-10 -1.42494e-10 -0.0640089 0 0 -1e-07 0 0 -3.68278e-11 
31 2.00876e-11 7.45775e-11 -0.0335348 0 0 -1e-07 0 0 -3.80158e-11 
32 -5.90383e-05 -0.000267727 -0.0898703 0 0 -1e-07 0 0 -3.92038e-11 
33 4.58158e-05 1.77811e-06 -0.0912279 0 0 -1e-07 0 0 -4.03918e-11 
34 -0.000199117 -0.00061456 -0.110767 0 0 -1e-07 0 0 -4.15798e-11 
35 -6.09111e-06 -0.000102336 -0.098984 0 0 -1e-07 0 0 -4.27678e-11 
36 0.00023653 6.49004e-05 -0.119419 0 0 -1e-07 0 0 -4.39558e-11 
37 0.00018555 -0.000421317 -0.113704 0 0 -1e-07 0 0 -4.51438e-11 
38 -3.23297e-06 -6.09738e-05 -0.0879643 0 0 -1e-07 0 0 -4.63318e-11 
39 -0.000318227 -0.000267355 -0.262112 0 0 -1e-07 0 0 -4.75198e-11 
40 0.000270305 -6.94195e-05 -0.163788 0 0 -1e-07 0 0 -4.87078e-11 
41 0.000267879 -0.000184916 -0.129487 0 0 -1e-07 0 0 -4.98958e-11 
42 -9.17201e-05 -1.96535e-05 -0.212321 0 0 -1e-07 0 0 -5.10837e-11 
43 -9.24119e-05 8.7802e-05 -0.150535 0 0 -1e-07 0 0 -5.22717e-11 
44 1.08202e-05 -0.000153592 -0.0754698 0 0 -1e-07 0 0 -5.34597e-11 
45 -0.000236872 -0.00137598 -0.171598 0 0 -1e-07 0 0 -5.46477e-11 
46 -6.98802e-05 -0.00036888 -0.225557 0 0 -1e-07 0 0 -5.58357e-11 
47 0.000499665 9.3611e-05 -0.362682 0 0 -1e-07 0 0 -5.70237e-11 
48 -0.000182843 0.000748248 -0.263649 0 0 -1e-07 0 0 -5.82117e-11 
49 -0.000175279 0.00012347 -0.269457 0 0 -1e-07 0 0 -5.93997e-11 
50 -7.35846e-05 -0.00016378 -0.36233 0 0 -1e-07 0 0 -6.05877e-11 
51 0.000497323 -0.000327677 -0.453477 0 0 -1e-07 0 0 -6.17757e-11 
52 -0.000479928 -0.00186642 -0.423592 0 0 -1e-07 0 0 -6.29637e-11 
53 2.0953e-05 0.000705234 -0.228608 0 0 -1e-07 0 0 -6.41517e-11 
54 0.000599918 -0.000713809 -0.30694 0 0 -1e-07 0 0 -6.53397e-11 
55 0.000506584 -0.000602229 -0.267143 0 0 -1e-07 0 0 -6.65277e-11 
56 -2.27761e-05 0.00117544 -0.206418 0 0 -1e-07 0 0 -6.77157e-11 
57 -0.000143794 -0.00108308 -0.390227 0 0 -1e-07 0 0 -6.89037e-11 
58 -0.00112292 -0.00188512 -0.407485 0 0 -1e-07 0 0 -7.00917e-11 
59 0.000527031 -0.00043898 -0.409222 0 0 -1e-07 0 0 -7.12796e-11 
60 0.000784423 -0.00115098 -0.313597 0 0 -1e-07 0 0 -7.24676e-11 
61 0.00158067 0.00152792 -0.371237 0 0 -1e-07 0 0 -7.36556e-11 
62 0.00092481 -2.90792e-05 -0.479556 0 0 -1e-07 0 0 -7.48436e-11 
63 0.00146952 -8.97655e-05 -0.455566 0 0 -1e-07 0 0 -7.60316e-11 
64 0.000702241 -0.0017953 -0.498242 0 0 -1e-07 0 0 -7.72196e-11 
65 -0.000173839 -0.000166961 -0.255993 0 0 -1e-07 0 0 -7.84076e-11 
66 -0.000527314 9.12318e-05 -0.360927 0 0 -1e-07 0 0 -7.95956e-11 
67 -4.35008e-05 -1.70448e-05 -0.235787 0 0 -1e-07 0 0 -8.07836e-11 
68 -0.000763572 -0.00183818 -0.393194 0 0 -1e-07 0 0 -8.19716e-11 
69 -0.00125443 0.000900861 -0.324658 0 0 -1e-07 0 0 -8.31596e-11 
70 0.00112669 -0.000990423 -0.422467 0 0 -1e-07 0 0 -8.43476e-11 
71 0.00155448 -0.000462591 -0.490737 0 0 -1e-07 0 0 -8.55356e-11 
72 -0.000806547 0.00173919 -0.476234 0 0 -1e-07 0 0 -8.67236e-11 
73 -0.000264208 -0.00195344 -0.408507 0 0 -1e-07 0 0 -8.79116e-11 
74 9.60066e-05 -0.000165933 -0.398579 0 0 -1e-07 0 0 -8.90996e-11 
75 0.000306477 -0.00082669 -0.304431 0 0 -1e-07 0 0 -9.02876e-11 
76 0.00088819 0.000128814 -0.344558 0 0 -1e-07 0 0 -9.14755e-11 
77 0.000461882 -0.000436863 -0.417141 0 0 -1e-07 0 0 -9.26635e-11 
78 -0.000605159 0.000726291 -0.484275 0 0 -1e-07 0 0 -9.38515e-11 
79 -0.00085309 -0.00184937 -0.363461 0 0 -1e-07 0 0 -9.50395e-11 
80 0.00232017 6.65353e-05 -0.426183 0 0 -1e-07 0 0 -9.62275e-11 
81 0.00387573 0.00121408 -0.37904 0 0 -1e-07 0 0 -9.74155e-11 
82 -0.000228482 -0.00127891 -0.336461 0 0 -1e-07 0 0 -9.86035e-11 
83 -0.000165906 0.00141875 -0.360589 0 0 -1e-07 0 0 -9.97915e-11 
84 -0.00195203 -0.00283095 -0.514788 0 0 -1e-07 0 0 -1.0098e-10 
85 -0.000287114 0.00115133 -0.451468 0 0 -1e-07 0 0 -1.02167e-10 
86 0.000628894 -0.00219918 -0.472466 0 0 -1e-07 0 0 -1.03355e-10 
87 0.00163829 -0.000426155 -0.373352 0 0 -1e-07 0 0 -1.04543e-10 
88 -0.000509417 -0.000551259 -0.341617 0 0 -1e-07 0 0 -1.05731e-10 
89 0.000783879 6.03402e-08 -0.386117 0 0 -1e-07 0 0 -1.06919e-10 
90 0.00117738 0.00109442 -0.361207 0 0 -1e-07 0 0 -1.08107e-10 
91 0.00106512 -0.000319943 -0.325438 0 0 -1e-07 0 0 -1.09295e-10 
92 -0.000618304 0.000913334 -0.210544 0 0 -1e-07 0 0 -1.10483e-10 
93 -0.000579777 -0.00122982 -0.42962 0 0 -1e-07 0 0 -1.11671e-10 
94 0.000195112 0.000714652 -0.630479 0 0 -1e-07 0 0 -1.12859e-10 
95 0.0042282 0.0023771 -0.504992 0 0 -1e-07 0 0 -1.14047e-10 
96 -0.000254586 0.000573385 -0.368699 0 0 -1e-07 0 0 -1.15235e-10 
97 0.000794721 0.00079962 -0.398665 0 0 -1e-07 0 0 -1.16423e-10 
98 0.00184867 -0.00163676 -0.437 0 0 -1e-07 0 0 -1.17611e-10 
99 -0.00183372 -0.000971698 -0.444223 0 0 -1e-07 0 0 -1.18799e-10 
100 -0.000555369 -0.000817062 -0.503081 0 0 -1e-07 0 0 -1.19987e-10 
101 -0.00120759 -0.00274445 -0.43047 0 0 -1e-07 0 0 -1.21175e-10 
102 0.00139431 0.00060913 -0.425657 0 0 -1e-07 0 0 -1.22363e-10 
103 0.00167041 -9.42947e-05 -0.24649 0 0 -1e-07 0 0 -1.23551e-10 
104 -0.000742495 -0.000139765 -0.269293 0 0 -1e-07 0 0 -1.24739e-10 
105 -0.00117612 -0.000954449 -0.407939 0 0 -1e-07 0 0 -1.25927e-10 
106 -0.00201414 0.000694502 -0.517648 0 0 -1e-07 0 0 -1.27115e-10 
107 0.000758707 -0.00199653 -0.377241 0 0 -1e-07 0 0 -1.28303e-10 
108 -0.00116409 -0.00525683 -0.47755 0 0 -1e-07 0 0 -1.29491e-10 
109 -0.000853733 0.000133847 -0.644194 0 0 -1e-07 0 0 -1.30679e-10 
110 -0.0026173 0.00110164 -0.599404 0 0 -1e-07 0 0 -1.31867e-10 
111 0.00212151 -0.000826059 -0.371102 0 0 -1e-07 0 0 -1.33055e-10 
112 -9.74768e-05 0.000430748 -0.249157 0 0 -1e-07 0 0 -1.34243e-10 
113 -0.000981062 -0.00104498 -0.349478 0 0 -1e-07 0 0 -1.35431e-10 
114 -0.000306271 -0.000600155 -0.407696 0 0 -1e-07 0 0 -1.36619e-10 
115 0.000371065 -0.00390909 -0.382749 0 0 -1e-07 0 0 -1.37807e-10 
116 -0.00266938 -0.00267249 -0.369224 0 0 -1e-07 0 0 -1.38995e-10 
117 -0.00229246 -7.53684e-05 -0.502685 0 0 -1e-07 0 0 -1.40183e-10 
118 -0.000369196 0.000298947 -0.435957 0 0 -1e-07 0 0 -1.41371e-10 
119 6.42063e-05 -0.000883914 -0.348419 0 0 -1e-07 0 0 -1.42559e-10 
120 0.00238668 -0.000161451 -0.336065 0 0 -1e-07 0 0 -1.43747e-10 
121 0.00334051 -0.000112126 -0.359715 0 0 -1e-07 0 0 -1.44935e-10 
122 0.00136815 0.00167158 -0.363945 0 0 -1e-07 0 0 -1.46123e-10 
123 -0.000222008 -0.00107306 -0.477723 0 0 -1e-07 0 0 -1.47311e-10 
124 -0.00124945 0.000259628 -0.380617 0 0 -1e-07 0 0 -1.48499e-10 
125 0.000492835 0.00035998 -0.560301 0 0 -1e-07 0 0 -1.49687e-10 
126 -0.000436826 0.000229944 -0.516751 0 0 -1e-07 0 0 -1.50875e-10 
127 0.00483937 0.00192417 -0.425037 0 0 -1e-07 0 0 -1.52063e-10 
128 0.000642543 0.000725611 -0.445158 0 0 -1e-07 0 0 -1.53251e-10 
129 -3.04454e-05 -0.00206709 -0.47209 0 0 -1e-07 0 0 -1.54439e-10 
130 -0.000239486 -0.0060744 -0.455597 0 0 -1e-07 0 0 -1.55627e-10 
131 0.00170692 0.000176628 -0.350533 0 0 -1e-07 0 0 -1.56815e-10 
132 -0.00142908 0.00267674 -0.521131 0 0 -1e-07 0 0 -1.58003e-10 
133 -0.00295409 -0.000253973 -0.281132 0 0 -1e-07 0 0 -1.59191e-10 
134 0.000113539 0.000227262 -0.360334 0 0 -1e-07 0 0 -1.60379e-10 
135 0.00310741 -0.0004825 -0.412472 0 0 -1e-07 0 0 -1.61567e-10 
136 0.00123988 0.000812173 -0.41769 0 0 -1e-07 0 0 -1.62755e-10 
137 0.000637076 -0.000955799 -0.453132 0 0 -1e-07 0 0 -1.63943e-10 
138 -0.00200621 -0.00232956 -0.427663 0 0 -1e-07 0 0 -1.65131e-10 
139 0.000433563 0.000210151 -0.538637 0 0 -1e-07 0 0 -1.66319e-10 
140 0.0012099 0.00122005 -0.559403 0 0 -1e-07 0 0 -1.67507e-10 
141 -8.61862e-05 -0.00399007 -0.435277 0 0 -1e-07 0 0 -1.68695e-10 
142 0.000334336 -0.000157556 -0.291822 0 0 -1e-07 0 0 -1.69883e-10 
143 0.000519282 0.000162004 -0.469984 0 0 -1e-07 0 0 -1.71071e-10 
144 0.00216924 0.0012228 -0.458865 0 0 -1e-07 0 0 -1.72259e-10 
145 -0.00142431 -0.0022902 -0.367051 0 0 -1e-07 0 0 -1.73447e-10 
146 -0.000478168 -0.00157991 -0.42335 0 0 -1e-07 0 0 -1.74635e-10 
147 0.000308193 0.00289361 -0.530258 0 0 -1e-07 0 0 -1.75823e-10 
148 -0.00171311 -0.00124565 -0.348446 0 0 -1e-07 0 0 -1.77011e-10 
149 -0.00342358 -0.00516342 -0.307595 0 0 -1e-07 0 0 -1.78199e-10 
150 -0.000795552 0.000468387 -0.410455 0 0 -1e-07 0 0 -1.79387e-10 
151 0.00345742 0.00269078 -0.42162 0 0 -1e-07 0 0 -1.80575e-10 
152 0.000761336 -0.00216193 -0.480096 0 0 -1e-07 0 0 -1.81763e-10 
153 -0.000602001 -0.00396144 -0.55464 0 0 -1e-07 0 0 -1.82951e-10 
154 -0.00441428 -0.00444034 -0.469432 0 0 -1e-07 0 0 -1.84139e-10 
155 -0.0014723 0.00212806 -0.461057 0 0 -1e-07 0 0 -1.85327e-10 
156 3.17913e-05 0.000166436 -0.474082 0 0 -1e-07 0 0 -1.86515e-10 
157 -0.000526666 -0.0027406 -0.382773 0 0 -1e-07 0 0 -1.87703e-10 
158 0.00128143 -3.30898e-05 -0.479475 0 0 -1e-07 0 0 -1.88891e-10 
159 -0.00187102 0.0015416 -0.379898 0 0 -1e-07 0 0 -1.90079e-10 
160 -0.00431951 -0.00264763 -0.418338 0 0 -1e-07 0 0 -1.91267e-10 
161 0.00188132 -0.00106841 -0.3226 0 0 -1e-07 0 0 -1.92455e-10 
162 0.001761 -0.00205733 -0.402721 0 0 -1e-07 0 0 -1.93643e-10 
163 0.000735162 -0.00295769 -0.49669 0 0 -1e-07 0 0 -1.94831e-10 
164 -0.00583673 -0.00356053 -0.512318 0 0 -1e-07 0 0 -1.96019e-10 
165 -8.37188e-05 0.00164363 -0.342205 0 0 -1e-07 0 0 -1.97207e-10 
166 0.000350179 0.00191045 -0.464975 0 0 -1e-07 0 0 -1.98395e-10 
167 0.00290732 -0.000929063 -0.506152 0 0 -1e-07 0 0 -1.99583e-10 
168 -0.00233043 -0.00360109 -0.5388 0 0 -1e-07 0 0 -2.00771e-10 
169 0.0037621 -0.000915744 -0.606545 0 0 -1e-07 0 0 -2.01959e-10 
170 0.000762864 0.00164 -0.595135 0 0 -1e-07 0 0 -2.03147e-10 
171 -0.00283029 -0.000416032 -0.340544 0 0 -1e-07 0 0 -2.04335e-10 
172 -0.000701841 -0.00110937 -0.491732 0 0 -1e-07 0 0 -2.05523e-10 
173 -0.00138532 -0.00255676 -0.499462 0 0 -1e-07 0 0 -2.06711e-10 
174 -0.000898789 -0.00101205 -0.18106 0 0 -1e-07 0 0 -2.07899e-10 
175 -0.00152977 -0.00142927 -0.38156 0 0 -1e-07 0 0 -2.09087e-10 
176 -0.000777663 -0.000567996 -0.404587 0 0 -1e-07 0 0 -2.10275e-10 
177 0.000827181 0.000620983 -0.255887 0 0 -1e-07 0 0 -2.11463e-10 
178 0.00313324 0.00294561 -0.406425 0 0 -1e-07 0 0 -2.12651e-10 
179 0.000307463 -0.00199404 -0.507504 0 0 -1e-07 0 0 -2.13839e-10 
180 -0.00145603 -0.00212963 -0.533426 0 0 -1e-07 0 0 -2.15027e-10 
181 0.00264682 -0.00245721 -0.578178 0 0 -1e-07 0 0 -2.16215e-10 
182 -0.0012408 -0.00428942 -0.713211 0 0 -1e-07 0 0 -2.17403e-10 
183 -0.000658632 -0.00021139 -0.441486 0 0 -1e-07 0 0 -2.18591e-10 
184 0.000106181 0.00119988 -0.377541 0 0 -1e-07 0 0 -2.19779e-10 
185 0.00142613 -0.000492779 -0.34632 0 0 -1e-07 0 0 -2.20967e-10 
186 -0.00101204 0.000832134 -0.502999 0 0 -1e-07 0 0 -2.22155e-10 
187 -0.000915468 -0.000668889 -0.39146 0 0 -1e-07 0 0 -2.23343e-10 
188 0.000237706 0.0024435 -0.395333 0 0 -1e-07 0 0 -2.24531e-10 
189 0.000756484 -0.00170319 -0.480171 0 0 -1e-07 0 0 -2.25719e-10 
190 -0.00115232 -0.00134559 -0.402209 0 0 -1e-07 0 0 -2.26907e-10 
191 -0.000759056 -0.000144499 -0.476443 0 0 -1e-07 0 0 -2.28095e-10 
192 0.000944813 0.00247047 -0.48308 0 0 -1e-07 0 0 -2.29283e-10 
193 -0.00142204 0.0016659 -0.481706 0 0 -1e-07 0 0 -2.30471e-10 
194 -0.000654626 0.00646814 -0.574242 0 0 -1e-07 0 0 -2.31659e-10 
195 0.000921674 0.000858754 -0.258719 0 0 -1e-07 0 0 -2.32847e-10 
196 3.66759e-05 0.00236672 -0.653356 0 0 -1e-07 0 0 -2.34035e-10 
197 -0.00232009 -0.00355697 -0.508035 0 0 -1e-07 0 0 -2.35223e-10 
198 -0.00265367 -0.00185492 -0.4156 0 0 -1e-07 0 0 -2.36411e-10 
199 -0.00150193 -0.00105623 -0.428708 0 0 -1e-07 0 0 -2.37599e-10 
200 0.00238984 -0.00134099 -0.449844 0 0 -1e-07 0 0 -2.38787e-10 
