# step Fx Fy Fz Vx Vy Vz Dx Dy Dz 
0 0 0 0 0 0 -1e-07 0 0 -9.9e-13 
1 0 0 0 0 0 -1e-07 0 0 -1.98e-12 
2 0 0 0 0 0 -1e-07 0 0 -2.97e-12 
3 0 0 0 0 0 -1e-07 0 0 -3.96e-12 
4 0 0 0 0 0 -1e-07 0 0 -4.95e-12 
5 0 0 0 0 0 -1e-07 0 0 -5.94e-12 
6 0 0 0 0 0 -1e-07 0 0 -6.93e-12 
7 0 0 0 0 0 -1e-07 0 0 -7.92e-12 
8 0 0 0 0 0 -1e-07 0 0 -8.91e-12 
9 0 0 0 0 0 -1e-07 0 0 -9.9e-12 
10 0 0 0 0 0 -1e-07 0 0 -1.089e-11 
11 0 0 0 0 0 -1e-07 0 0 -1.188e-11 
12 0 0 0 0 0 -1e-07 0 0 -1.287e-11 
13 0 0 0 0 0 -1e-07 0 0 -1.386e-11 
14 0 0 0 0 0 -1e-07 0 0 -1.485e-11 
15 0 0 0 0 0 -1e-07 0 0 -1.584e-11 
16 0 0 0 0 0 -1e-07 0 0 -1.683e-11 
17 0 0 0 0 0 -1e-07 0 0 -1.782e-11 
18 0 0 0 0 0 -1e-07 0 0 -1.881e-11 
19 0 0 0 0 0 -1e-07 0 0 -1.98e-11 
20 0 0 0 0 0 -1e-07 0 0 -2.079e-11 
21 0 0 0 0 0 -1e-07 0 0 -2.178e-11 
22 0 0 0 0 0 -1e-07 0 0 -2.277e-11 
23 0 0 0 0 0 -1e-07 0 0 -2.376e-11 
24 0 0 0 0 0 -1e-07 0 0 -2.475e-11 
25 0 0 0 0 0 -1e-07 0 0 -2.574e-11 
26 0 0 0 0 0 -1e-07 0 0 -2.673e-11 
27 3.44728e-10 1.23544e-10 -0.0212739 0 0 -1e-07 0 0 -2.772e-11 
28 0 0 0 0 0 -1e-07 0 0 -2.871e-11 
29 -3.98017e-10 2.11638e-10 -0.0351646 0 0 -1e-07 0 0 -2.97e-11 
30 -1.14412e-10 7.58044e-12 -0.0303801 0 0 -1e-07 0 0 -3.069e-11 
31 1.26411e-10 -7.62617e-11 -0.0188905 0 0 -1e-07 0 0 -3.168e-11 
32 -2.25782e-10 -3.8622e-10 -0.0318644 0 0 -1e-07 0 0 -3.267e-11 
33 0.000118991 0.000111678 -0.0611289 0 0 -1e-07 0 0 -3.366e-11 
34 -5.95181e-05 -0.000134526 -0.0459222 0 0 -1e-07 0 0 -3.465e-11 
35 1.00775e-10 -1.58918e-11 -0.0259627 0 0 -1e-07 0 0 -3.564e-11 
36 8.96313e-11 9.29013e-11 -0.0523657 0 0 -1e-07 0 0 -3.663e-11 
37 -0.000144403 -0.000204598 -0.104541 0 0 -1e-07 0 0 -3.762e-11 
38 4.3314e-05 -6.4433e-05 -0.028077 0 0 -1e-07 0 0 -3.861e-11 
39 -8.98394e-06 1.54326e-06 -0.0325111 0 0 -1e-07 0 0 -3.96e-11 
40 6.02132e-07 -0.000420493 -0.163176 0 0 -1e-07 0 0 -4.059e-11 
41 -1.66196e-05 -6.95058e-05 -0.129856 0 0 -1e-07 0 0 -4.158e-11 
42 0.000162659 0.000152789 -0.0820117 0 0 -1e-07 0 0 -4.257e-11 
43 -0.000152602 -0.000249832 -0.177254 0 0 -1e-07 0 0 -4.356e-11 
44 0.000212171 -0.000450411 -0.185834 0 0 -1e-07 0 0 -4.455e-11 
45 0.000189439 0.000125579 -0.0733043 0 0 -1e-07 0 0 -4.554e-11 
46 -0.000281348 -0.000650221 -0.225313 0 0 -1e-07 0 0 -4.653e-11 
47 -7.71938e-05 -0.000175744 -0.155287 0 0 -1e-07 0 0 -4.752e-11 
48 0.000173447 -4.83717e-05 -0.132282 0 0 -1e-07 0 0 -4.851e-11 
49 0.000350653 -3.50862e-05 -0.177728 0 0 -1e-07 0 0 -4.95e-11 
50 -0.000270684 -3.91965e-05 -0.162381 0 0 -1e-07 0 0 -5.049e-11 
51 0.000387047 -0.000306163 -0.303555 0 0 -1e-07 0 0 -5.148e-11 
52 -0.000542949 0.000286868 -0.136599 0 0 -1e-07 0 0 -5.247e-11 
53 9.58672e-05 -6.75772e-05 -0.122559 0 0 -1e-07 0 0 -5.346e-11 
54 -0.000519683 0.00029604 -0.269709 0 0 -1e-07 0 0 -5.445e-11 
55 0.000837475 0.000595012 -0.460219 0 0 -1e-07 0 0 -5.544e-11 
56 0.00134672 0.000107695 -0.249565 0 0 -1e-07 0 0 -5.643e-11 
57 -0.00037653 0.000434788 -0.306293 0 0 -1e-07 0 0 -5.742e-11 
58 -0.000985693 -0.000944907 -0.347719 0 0 -1e-07 0 0 -5.841e-11 
59 -0.000491083 -0.00143848 -0.291426 0 0 -1e-07 0 0 -5.94e-11 
60 -0.000104705 0.000683643 -0.373367 0 0 -1e-07 0 0 -6.039e-11 
61 0.000198693 -0.000371929 -0.499431 0 0 -1e-07 0 0 -6.138e-11 
62 -0.000340292 0.000210819 -0.329721 0 0 -1e-07 0 0 -6.237e-11 
63 -0.000795898 0.000450897 -0.388581 0 0 -1e-07 0 0 -6.336e-11 
64 -0.000834404 -0.000488167 -0.354192 0 0 -1e-07 0 0 -6.435e-11 
65 -0.000232743 0.000481749 -0.248424 0 0 -1e-07 0 0 -6.534e-11 
66 0.000498928 -0.000337578 -0.370932 0 0 -1e-07 0 0 -6.633e-11 
67 -0.00222033 -0.00108912 -0.395406 0 0 -1e-07 0 0 -6.732e-11 
68 0.000113912 -0.00103463 -0.346505 0 0 -1e-07 0 0 -6.831e-11 
69 -4.18375e-05 0.000674617 -0.405417 0 0 -1e-07 0 0 -6.93e-11 
70 0.000884979 0.000633878 -0.520944 0 0 -1e-07 0 0 -7.029e-11 
71 -0.00172295 -0.000326696 -0.468403 0 0 -1e-07 0 0 -7.128e-11 
72 -0.0021175 -0.00176614 -0.449355 0 0 -1e-07 0 0 -7.227e-11 
73 0.000373133 2.19019e-05 -0.442545 0 0 -1e-07 0 0 -7.326e-11 
74 0.00190736 -0.00125014 -0.530872 0 0 -1e-07 0 0 -7.425e-11 
75 0.000258044 -0.000619841 -0.403968 0 0 -1e-07 0 0 -7.524e-11 
76 -0.000866604 -0.000296244 -0.379655 0 0 -1e-07 0 0 -7.623e-11 
77 0.000159379 -0.000728739 -0.330202 0 0 -1e-07 0 0 -7.722e-11 
78 0.000505959 0.000501526 -0.362548 0 0 -1e-07 0 0 -7.821e-11 
79 -0.000384274 0.00103387 -0.539989 0 0 -1e-07 0 0 -7.92e-11 
80 -0.000321046 -0.000968833 -0.541925 0 0 -1e-07 0 0 -8.019e-11 
81 -0.000631656 0.00103809 -0.412656 0 0 -1e-07 0 0 -8.118e-11 
82 0.000819318 0.00164816 -0.267582 0 0 -1e-07 0 0 -8.217e-11 
83 -0.0018348 0.00145081 -0.467487 0 0 -1e-07 0 0 -8.316e-11 
84 -0.00070832 -0.000899635 -0.527569 0 0 -1e-07 0 0 -8.415e-11 
85 0.000543754 -0.00179275 -0.478632 0 0 -1e-07 0 0 -8.514e-11 
86 -0.000302785 -0.000305166 -0.378324 0 0 -1e-07 0 0 -8.613e-11 
87 -0.00084565 0.00036442 -0.363171 0 0 -1e-07 0 0 -8.712e-11 
88 -7.12226e-05 0.00203689 -0.387825 0 0 -1e-07 0 0 -8.811e-11 
89 0.000548289 -0.00100889 -0.503304 0 0 -1e-07 0 0 -8.91e-11 
90 0.00171523 0.00206319 -0.623395 0 0 -1e-07 0 0 -9.009e-11 
91 -0.000935723 0.00126086 -0.478398 0 0 -1e-07 0 0 -9.108e-11 
92 -0.00165004 0.00109182 -0.299515 0 0 -1e-07 0 0 -9.207e-11 
93 -0.00165061 -0.000672771 -0.438544 0 0 -1e-07 0 0 -9.306e-11 
94 -0.00271274 -0.000381875 -0.348871 0 0 -1e-07 0 0 -9.405e-11 
95 -0.00187159 -0.00133334 -0.403889 0 0 -1e-07 0 0 -9.504e-11 
96 0.000543205 0.00134517 -0.517898 0 0 -1e-07 0 0 -9.603e-11 
97 -0.000892743 -0.000169742 -0.34776 0 0 -1e-07 0 0 -9.702e-11 
98 -0.00206227 -0.00379624 -0.519477 0 0 -1e-07 0 0 -9.801e-11 
99 0.0012773 0.00162453 -0.610717 0 0 -1e-07 0 0 -9.9e-11 
100 -3.14113e-05 0.00214646 -0.502847 0 0 -1e-07 0 0 -9.999e-11 
101 -0.00127372 0.00034479 -0.451531 0 0 -1e-07 0 0 -1.0098e-10 
102 0.00170237 -0.00235201 -0.534633 0 0 -1e-07 0 0 -1.0197e-10 
103 -0.000103445 -0.000938165 -0.33953 0 0 -1e-07 0 0 -1.0296e-10 
104 -0.000615145 -0.000454208 -0.584626 0 0 -1e-07 0 0 -1.0395e-10 
105 -0.000226694 0.00061149 -0.469426 0 0 -1e-07 0 0 -1.0494e-10 
106 -0.000138593 0.00187624 -0.281591 0 0 -1e-07 0 0 -1.0593e-10 
107 -0.000424891 0.00161457 -0.511553 0 0 -1e-07 0 0 -1.0692e-10 
108 -0.00111815 0.000727994 -0.488382 0 0 -1e-07 0 0 -1.0791e-10 
109 -0.00169892 -0.000159457 -0.213989 0 0 -1e-07 0 0 -1.089e-10 
110 0.000289737 -0.00128351 -0.33307 0 0 -1e-07 0 0 -1.0989e-10 
111 0.000515784 -0.00301227 -0.449925 0 0 -1e-07 0 0 -1.1088e-10 
112 -0.00246639 -0.00468158 -0.560259 0 0 -1e-07 0 0 -1.1187e-10 
113 0.000368957 2.83937e-05 -0.451647 0 0 -1e-07 0 0 -1.1286e-10 
114 -0.000419037 -0.00437175 -0.459417 0 0 -1e-07 0 0 -1.1385e-10 
115 -0.00194152 -0.00107439 -0.645953 0 0 -1e-07 0 0 -1.1484e-10 
116 -0.004323 0.000239126 -0.57414 0 0 -1e-07 0 0 -1.1583e-10 
117 -0.00125155 0.000968153 -0.461907 0 0 -1e-07 0 0 -1.1682e-10 
118 -0.00176828 -0.00198082 -0.538535 0 0 -1e-07 0 0 -1.1781e-10 
119 5.34622e-06 0.000674835 -0.41544 0 0 -1e-07 0 0 -1.188e-10 
120 -0.00207009 -0.00424057 -0.371317 0 0 -1e-07 0 0 -1.1979e-10 
121 0.000793627 0.000556706 -0.23261 0 0 -1e-07 0 0 -1.2078e-10 
122 0.00153854 -0.00219039 -0.365013 0 0 -1e-07 0 0 -1.2177e-10 
123 -0.000481548 0.0025933 -0.422151 0 0 -1e-07 0 0 -1.2276e-10 
124 -0.000683539 0.00217762 -0.607682 0 0 -1e-07 0 0 -1.2375e-10 
125 0.000617675 -0.000696469 -0.51061 0 0 -1e-07 0 0 -1.2474e-10 
126 0.00224239 0.00320105 -0.510908 0 0 -1e-07 0 0 -1.2573e-10 
127 -0.000108844 0.000412819 -0.598923 0 0 -1e-07 0 0 -1.2672e-10 
128 -0.00253957 -0.00171182 -0.369634 0 0 -1e-07 0 0 -1.2771e-10 
129 0.000173893 -0.00269557 -0.52595 0 0 -1e-07 0 0 -1.287e-10 
130 0.000694867 0.000595396 -0.390445 0 0 -1e-07 0 0 -1.2969e-10 
131 0.000340322 0.00085377 -0.328781 0 0 -1e-07 0 0 -1.3068e-10 
132 -0.000149005 0.000395695 -0.513794 0 0 -1e-07 0 0 -1.3167e-10 
133 -0.00283301 -0.00209491 -0.400413 0 0 -1e-07 0 0 -1.3266e-10 
134 -0.00192026 -0.000922438 -0.450733 0 0 -1e-07 0 0 -1.3365e-10 
135 0.00165319 0.00145869 -0.419636 0 0 -1e-07 0 0 -1.3464e-10 
136 -0.00156845 -0.00435241 -0.418178 0 0 -1e-07 0 0 -1.3563e-10 
137 0.00324101 -0.0026289 -0.566143 0 0 -1e-07 0 0 -1.3662e-10 
138 -0.00170609 -0.00334133 -0.624287 0 0 -1e-07 0 0 -1.3761e-10 
139 -0.00104697 0.00272978 -0.620905 0 0 -1e-07 0 0 -1.386e-10 
140 -0.000483713 6.60015e-05 -0.451728 0 0 -1e-07 0 0 -1.3959e-10 
141 0.00209585 0.000285061 -0.462987 0 0 -1e-07 0 0 -1.4058e-10 
142 -0.000804661 0.00095263 -0.529695 0 0 -1e-07 0 0 -1.4157e-10 
143 -0.0006246 -0.00361306 -0.664191 0 0 -1e-07 0 0 -1.4256e-10 
144 0.000913819 0.00110453 -0.396258 0 0 -1e-07 0 0 -1.4355e-10 
145 0.00147518 0.00076449 -0.435212 0 0 -1e-07 0 0 -1.4454e-10 
146 0.000346944 -0.00149434 -0.410651 0 0 -1e-07 0 0 -1.4553e-10 
147 -0.00250435 0.000952129 -0.566999 0 0 -1e-07 0 0 -1.4652e-10 
148 -0.00220377 0.000263423 -0.404872 0 0 -1e-07 0 0 -1.4751e-10 
149 0.000793437 -0.00019258 -0.368229 0 0 -1e-07 0 0 -1.485e-10 
150 0.00233479 -0.00274207 -0.400912 0 0 -1e-07 0 0 -1.4949e-10 
151 0.000703507 0.000678588 -0.454836 0 0 -1e-07 0 0 -1.5048e-10 
152 0.000412104 0.000239432 -0.647178 0 0 -1e-07 0 0 -1.5147e-10 
153 -0.00187548 -5.19548e-06 -0.462201 0 0 -1e-07 0 0 -1.5246e-10 
154 0.0047762 -0.00088772 -0.597308 0 0 -1e-07 0 0 -1.5345e-10 
155 -0.000902225 0.00048064 -0.6444 0 0 -1e-07 0 0 -1.5444e-10 
156 -0.00141059 0.00282834 -0.602198 0 0 -1e-07 0 0 -1.5543e-10 
157 -0.00246117 0.00351774 -0.524352 0 0 -1e-07 0 0 -1.5642e-10 
158 -0.000964641 0.00110139 -0.517543 0 0 -1e-07 0 0 -1.5741e-10 
159 -0.00154186 -0.00312617 -0.378971 0 0 -1e-07 0 0 -1.584e-10 
160 -0.000141629 -0.002437 -0.425848 0 0 -1e-07 0 0 -1.5939e-10 
161 0.000433862 0.00344526 -0.331716 0 0 -1e-07 0 0 -1.6038e-10 
162 -0.000305849 -0.000122392 -0.409152 0 0 -1e-07 0 0 -1.6137e-10 
163 0.0025513 0.00187959 -0.439826 0 0 -1e-07 0 0 -1.6236e-10 
164 -0.00180917 -0.000663392 -0.412071 0 0 -1e-07 0 0 -1.6335e-10 
165 -0.00428845 -0.00259021 -0.611488 0 0 -1e-07 0 0 -1.6434e-10 
166 -0.000896085 0.000690699 -0.404426 0 0 -1e-07 0 0 -1.6533e-10 
167 0.000738818 0.00152759 -0.447942 0 0 -1e-07 0 0 -1.6632e-10 
168 -0.000162873 -0.00186486 -0.578445 0 0 -1e-07 0 0 -1.6731e-10 
169 0.000456915 -0.00136824 -0.622245 0 0 -1e-07 0 0 -1.683e-10 
170 -0.0034101 -0.0017401 -0.726374 0 0 -1e-07 0 0 -1.6929e-10 
171 0.000835582 -0.000566019 -0.597558 0 0 -1e-07 0 0 -1.7028e-10 
172 0.000262006 0.000603438 -0.441541 0 0 -1e-07 0 0 -1.7127e-10 
173 6.0954e-05 -0.00112399 -0.54078 0 0 -1e-07 0 0 -1.7226e-10 
174 -0.000203992 -5.6894e-05 -0.477076 0 0 -1e-07 0 0 -1.7325e-10 
175 0.000946067 -0.00065598 -0.490911 0 0 -1e-07 0 0 -1.7424e-10 
176 0.000996207 -0.00170482 -0.411236 0 0 -1e-07 0 0 -1.7523e-10 
177 -0.00252061 -0.00341406 -0.390652 0 0 -1e-07 0 0 -1.7622e-10 
178 -0.000547817 -0.000253171 -0.208628 0 0 -1e-07 0 0 -1.7721e-10 
179 5.99572e-05 3.64376e-05 -0.539839 0 0 -1e-07 0 0 -1.782e-10 
180 -0.00182975 0.00159736 -0.550003 0 0 -1e-07 0 0 -1.7919e-10 
181 0.00158668 -0.000606697 -0.563917 0 0 -1e-07 0 0 -1.8018e-10 
182 0.000315809 0.000855178 -0.557075 0 0 -1e-07 0 0 -1.8117e-10 
183 -0.00227803 -0.00619386 -0.488305 0 0 -1e-07 0 0 -1.8216e-10 
184 -0.00274929 -0.00263289 -0.442391 0 0 -1e-07 0 0 -1.8315e-10 
185 -0.000703449 0.00168362 -0.602134 0 0 -1e-07 0 0 -1.8414e-10 
186 -0.000816086 -0.00419142 -0.361142 0 0 -1e-07 0 0 -1.8513e-10 
187 0.00174656 0.00151315 -0.572962 0 0 -1e-07 0 0 -1.8612e-10 
188 0.00131983 -0.0015488 -0.652873 0 0 -1e-07 0 0 -1.8711e-10 
189 0.000688895 0.00584615 -0.550058 0 0 -1e-07 0 0 -1.881e-10 
190 -0.00279581 0.00391953 -0.59876 0 0 -1e-07 0 0 -1.8909e-10 
191 -0.00156096 -0.00396663 -0.517362 0 0 -1e-07 0 0 -1.9008e-10 
192 0.00145683 -0.00233343 -0.5396 0 0 -1e-07 0 0 -1.9107e-10 
193 0.000562135 7.8323e-05 -0.360429 0 0 -1e-07 0 0 -1.9206e-10 
194 0.000882353 0.000850805 -0.490143 0 0 -1e-07 0 0 -1.9305e-10 
195 -0.000865616 0.00241617 -0.397357 0 0 -1e-07 0 0 -1.9404e-10 
196 -0.000283706 0.00114789 -0.572934 0 0 -1e-07 0 0 -1.9503e-10 
197 0.00290176 0.00109664 -0.474287 0 0 -1e-07 0 0 -1.9602e-10 
198 -0.000173691 -0.00340315 -0.498245 0 0 -1e-07 0 0 -1.9701e-10 
199 0.000716525 0.00142665 -0.52688 0 0 -1e-07 0 0 -1.98e-10 
200 -0.00514472 -0.00739785 -0.477561 0 0 -1e-07 0 0 -1.9899e-10 
