# step Fx Fy Fz Vx Vy Vz Dx Dy Dz 
0 0 0 0 0 0 -1e-07 0 0 -3.267e-12 
1 0 0 0 0 0 -1e-07 0 0 -6.534e-12 
2 0 0 0 0 0 -1e-07 0 0 -9.80099e-12 
3 0 0 0 0 0 -1e-07 0 0 -1.3068e-11 
4 0 0 0 0 0 -1e-07 0 0 -1.6335e-11 
5 0 0 0 0 0 -1e-07 0 0 -1.9602e-11 
6 0 0 0 0 0 -1e-07 0 0 -2.2869e-11 
7 0 0 0 0 0 -1e-07 0 0 -2.6136e-11 
8 0 0 0 0 0 -1e-07 0 0 -2.9403e-11 
9 5.34333e-12 -8.75195e-12 -0.0127844 0 0 -1e-07 0 0 -3.267e-11 
10 2.21521e-11 -1.66021e-11 -0.0136631 0 0 -1e-07 0 0 -3.5937e-11 
11 -1.0012e-11 9.2963e-12 -0.0162704 0 0 -1e-07 0 0 -3.9204e-11 
12 -6.05008e-07 7.49853e-07 -0.0251729 0 0 -1e-07 0 0 -4.2471e-11 
13 -9.33588e-06 -3.91651e-05 -0.0498949 0 0 -1e-07 0 0 -4.5738e-11 
14 2.78789e-05 -6.00262e-05 -0.0358781 0 0 -1e-07 0 0 -4.9005e-11 
15 6.77585e-05 2.98521e-08 -0.051562 0 0 -1e-07 0 0 -5.2272e-11 
16 3.33007e-05 -2.12983e-06 -0.060399 0 0 -1e-07 0 0 -5.5539e-11 
17 -1.21929e-05 -4.11028e-05 -0.105026 0 0 -1e-07 0 0 -5.8806e-11 
18 8.9222e-05 -8.04844e-05 -0.0883395 0 0 -1e-07 0 0 -6.2073e-11 
19 -2.49779e-05 -2.10621e-05 -0.0928989 0 0 -1e-07 0 0 -6.534e-11 
20 0.000165795 5.9899e-05 -0.118568 0 0 -1e-07 0 0 -6.8607e-11 
21 0.000104398 -0.000126483 -0.104388 0 0 -1e-07 0 0 -7.1874e-11 
22 0.000151924 7.09473e-05 -0.0973555 0 0 -1e-07 0 0 -7.51409e-11 
23 0.000368998 0.000132909 -0.113192 0 0 -1e-07 0 0 -7.84079e-11 
24 -0.000125385 -2.59361e-05 -0.0981679 0 0 -1e-07 0 0 -8.16749e-11 
25 4.06176e-05 0.000120238 -0.135869 0 0 -1e-07 0 0 -8.49419e-11 
26 -0.000210473 0.000409828 -0.148651 0 0 -1e-07 0 0 -8.82089e-11 
27 0.000181326 2.81769e-05 -0.132934 0 0 -1e-07 0 0 -9.14759e-11 
28 6.10284e-07 7.42572e-05 -0.131763 0 0 -1e-07 0 0 -9.47429e-11 
29 3.19488e-05 -2.18879e-05 -0.0981732 0 0 -1e-07 0 0 -9.80099e-11 
30 9.1717e-05 -0.000118195 -0.0882246 0 0 -1e-07 0 0 -1.01277e-10 
31 7.62691e-05 -0.000264523 -0.132125 0 0 -1e-07 0 0 -1.04544e-10 
32 -2.23197e-05 0.00011166 -0.136308 0 0 -1e-07 0 0 -1.07811e-10 
33 -0.000171079 -3.03234e-05 -0.130072 0 0 -1e-07 0 0 -1.11078e-10 
34 0.000103515 -7.50402e-05 -0.0935919 0 0 -1e-07 0 0 -1.14345e-10 
35 0.000116777 -4.38596e-05 -0.0885051 0 0 -1e-07 0 0 -1.17612e-10 
36 -6.48218e-05 -0.00013803 -0.113024 0 0 -1e-07 0 0 -1.20879e-10 
37 1.22072e-05 -0.00021729 -0.112009 0 0 -1e-07 0 0 -1.24146e-10 
38 5.13368e-05 4.4483e-05 -0.130623 0 0 -1e-07 0 0 -1.27413e-10 
39 5.37291e-05 0.000204636 -0.138304 0 0 -1e-07 0 0 -1.3068e-10 
40 -0.000578352 0.000384462 -0.109307 0 0 -1e-07 0 0 -1.33947e-10 
41 -0.000194657 -0.000170571 -0.119656 0 0 -1e-07 0 0 -1.37214e-10 
42 -0.000186426 -7.69604e-06 -0.133479 0 0 -1e-07 0 0 -1.40481e-10 
43 0.000560541 -0.000149269 -0.106344 0 0 -1e-07 0 0 -1.43748e-10 
44 0.000143538 -0.000283211 -0.0968482 0 0 -1e-07 0 0 -1.47015e-10 
45 0.000241154 0.000115199 -0.110249 0 0 -1e-07 0 0 -1.50282e-10 
46 0.00033058 -6.84301e-05 -0.110839 0 0 -1e-07 0 0 -1.53549e-10 
47 -0.000164548 -2.46775e-05 -0.132511 0 0 -1e-07 0 0 -1.56816e-10 
48 4.8448e-05 0.000255721 -0.121282 0 0 -1e-07 0 0 -1.60083e-10 
49 0.000336766 -0.000357979 -0.148171 0 0 -1e-07 0 0 -1.6335e-10 
50 0.000144969 4.46398e-05 -0.111727 0 0 -1e-07 0 0 -1.66617e-10 
51 -0.000231206 0.000296176 -0.119676 0 0 -1e-07 0 0 -1.69884e-10 
52 -2.26058e-05 0.000392345 -0.144837 0 0 -1e-07 0 0 -1.73151e-10 
53 -0.000454793 -0.000157593 -0.166301 0 0 -1e-07 0 0 -1.76418e-10 
54 -0.00024489 0.000200019 -0.103953 0 0 -1e-07 0 0 -1.79685e-10 
55 0.000246639 -0.000239484 -0.126589 0 0 -1e-07 0 0 -1.82952e-10 
56 -0.000131418 -0.000619633 -0.101888 0 0 -1e-07 0 0 -1.86219e-10 
57 2.28768e-05 -1.38197e-06 -0.110507 0 0 -1e-07 0 0 -1.89486e-10 
58 0.000113668 0.00014589 -0.148036 0 0 -1e-07 0 0 -1.92753e-10 
59 -0.000547729 -0.000789929 -0.127031 0 0 -1e-07 0 0 -1.9602e-10 
60 -0.000229541 -0.000598645 -0.11119 0 0 -1e-07 0 0 -1.99287e-10 
61 0.00020251 -0.000466334 -0.115138 0 0 -1e-07 0 0 -2.02554e-10 
62 0.000355421 9.22842e-05 -0.101023 0 0 -1e-07 0 0 -2.05821e-10 
63 6.54198e-05 0.000675191 -0.121029 0 0 -1e-07 0 0 -2.09088e-10 
64 -0.000547286 0.000323744 -0.112444 0 0 -1e-07 0 0 -2.12355e-10 
65 -0.000259403 0.000219649 -0.145664 0 0 -1e-07 0 0 -2.15622e-10 
66 0.000685103 0.000291493 -0.129304 0 0 -1e-07 0 0 -2.18889e-10 
67 -5.96135e-05 -0.000410029 -0.160668 0 0 -1e-07 0 0 -2.22156e-10 
68 -0.000718231 -0.000350549 -0.138314 0 0 -1e-07 0 0 -2.25423e-10 
69 -0.000497523 9.46276e-05 -0.122763 0 0 -1e-07 0 0 -2.2869e-10 
70 0.00036694 -0.000435586 -0.110602 0 0 -1e-07 0 0 -2.31957e-10 
71 0.000323863 -0.000370651 -0.141253 0 0 -1e-07 0 0 -2.35224e-10 
72 0.000119361 -0.000166115 -0.118341 0 0 -1e-07 0 0 -2.38491e-10 
73 -0.00031433 0.000341117 -0.121222 0 0 -1e-07 0 0 -2.41758e-10 
74 -0.000132521 -0.000107738 -0.134043 0 0 -1e-07 0 0 -2.45025e-10 
75 -0.00092038 -0.00056717 -0.148727 0 0 -1e-07 0 0 -2.48292e-10 
76 -0.000763689 -5.3927e-05 -0.115138 0 0 -1e-07 0 0 -2.51559e-10 
77 0.000180157 0.000532955 -0.12232 0 0 -1e-07 0 0 -2.54826e-10 
78 0.000362519 -0.000349783 -0.127513 0 0 -1e-07 0 0 -2.58093e-10 
79 -7.26278e-05 -0.000329278 -0.107301 0 0 -1e-07 0 0 -2.6136e-10 
80 -5.02882e-05 -7.38976e-05 -0.126138 0 0 -1e-07 0 0 -2.64627e-10 
81 -1.25709e-05 -0.00116769 -0.161399 0 0 -1e-07 0 0 -2.67894e-10 
82 6.38097e-05 -0.000663235 -0.150252 0 0 -1e-07 0 0 -2.71161e-10 
83 0.000106355 -0.000937761 -0.135692 0 0 -1e-07 0 0 -2.74428e-10 
84 -0.000347832 -0.000926763 -0.105683 0 0 -1e-07 0 0 -2.77695e-10 
85 0.000159563 3.25515e-05 -0.0965309 0 0 -1e-07 0 0 -2.80962e-10 
86 0.000161462 2.19893e-06 -0.154241 0 0 -1e-07 0 0 -2.84229e-10 
87 -0.000171736 -0.000923711 -0.128741 0 0 -1e-07 0 0 -2.87496e-10 
88 0.000185353 4.86067e-05 -0.114264 0 0 -1e-07 0 0 -2.90763e-10 
89 -3.26676e-05 -0.000398132 -0.147625 0 0 -1e-07 0 0 -2.9403e-10 
90 -0.000703767 -0.000926042 -0.108751 0 0 -1e-07 0 0 -2.97297e-10 
91 0.000112538 -0.000220111 -0.10671 0 0 -1e-07 0 0 -3.00564e-10 
92 -0.000980923 -0.000373446 -0.108882 0 0 -1e-07 0 0 -3.03831e-10 
93 -0.00023721 -0.000145599 -0.142396 0 0 -1e-07 0 0 -3.07098e-10 
94 0.000689433 0.000768658 -0.133805 0 0 -1e-07 0 0 -3.10365e-10 
95 0.000485265 0.000266887 -0.126414 0 0 -1e-07 0 0 -3.13632e-10 
96 0.000102151 0.000291354 -0.138266 0 0 -1e-07 0 0 -3.16899e-10 
97 -0.00076509 -0.000397121 -0.141795 0 0 -1e-07 0 0 -3.20166e-10 
98 -0.00044914 -0.000965288 -0.131659 0 0 -1e-07 0 0 -3.23433e-10 
99 8.5349e-05 4.73725e-05 -0.128385 0 0 -1e-07 0 0 -3.267e-10 
100 -0.000168147 -8.24651e-05 -0.130575 0 0 -1e-07 0 0 -3.29967e-10 
101 0.000402521 -0.000968711 -0.0993955 0 0 -1e-07 0 0 -3.33234e-10 
102 0.000559038 -0.000477416 -0.149438 0 0 -1e-07 0 0 -3.36501e-10 
103 -6.2694e-05 0.000345084 -0.126038 0 0 -1e-07 0 0 -3.39768e-10 
104 0.000129808 -0.000182689 -0.129814 0 0 -1e-07 0 0 -3.43035e-10 
105 -0.000323104 0.00016899 -0.157784 0 0 -1e-07 0 0 -3.46302e-10 
106 -0.000785285 0.000132137 -0.168229 0 0 -1e-07 0 0 -3.49569e-10 
107 -0.000302464 -0.000330961 -0.121779 0 0 -1e-07 0 0 -3.52836e-10 
108 -8.78324e-05 -0.000893378 -0.149152 0 0 -1e-07 0 0 -3.56103e-10 
109 -0.000890001 -0.000866451 -0.117786 0 0 -1e-07 0 0 -3.5937e-10 
110 -1.96518e-06 0.00074797 -0.123734 0 0 -1e-07 0 0 -3.62637e-10 
111 0.000135352 0.000265025 -0.113486 0 0 -1e-07 0 0 -3.65904e-10 
112 8.68372e-05 0.000360114 -0.113413 0 0 -1e-07 0 0 -3.69171e-10 
113 -0.0010674 -0.00103571 -0.182675 0 0 -1e-07 0 0 -3.72438e-10 
114 -0.000714713 -0.000189091 -0.139732 0 0 -1e-07 0 0 -3.75705e-10 
115 -0.00038536 8.40559e-05 -0.134088 0 0 -1e-07 0 0 -3.78972e-10 
116 -0.000460199 0.000365692 -0.128987 0 0 -1e-07 0 0 -3.82239e-10 
117 -0.000821771 -5.25696e-05 -0.146155 0 0 -1e-07 0 0 -3.85506e-10 
118 -0.000306503 -9.00197e-05 -0.105608 0 0 -1e-07 0 0 -3.88773e-10 
119 0.000189242 0.000324512 -0.0982337 0 0 -1e-07 0 0 -3.9204e-10 
120 0.000141855 0.000556382 -0.0753625 0 0 -1e-07 0 0 -3.95307e-10 
121 -0.00107866 -0.000633033 -0.181963 0 0 -1e-07 0 0 -3.98574e-10 
122 0.000979887 0.000326353 -0.167712 0 0 -1e-07 0 0 -4.01841e-10 
123 -7.34125e-05 6.45676e-05 -0.116687 0 0 -1e-07 0 0 -4.05108e-10 
124 -0.000257482 0.000164582 -0.131888 0 0 -1e-07 0 0 -4.08375e-10 
125 -0.000719616 9.31771e-05 -0.20054 0 0 -1e-07 0 0 -4.11642e-10 
126 -8.00261e-05 0.000335451 -0.123913 0 0 -1e-07 0 0 -4.14909e-10 
127 0.000129305 -0.000254951 -0.0719359 0 0 -1e-07 0 0 -4.18176e-10 
128 -0.000515231 -0.000233295 -0.130914 0 0 -1e-07 0 0 -4.21443e-10 
129 0.0001766 -6.07188e-05 -0.176355 0 0 -1e-07 0 0 -4.2471e-10 
130 -0.000505015 -0.000236652 -0.131748 0 0 -1e-07 0 0 -4.27977e-10 
131 -0.000567793 -0.000129532 -0.140542 0 0 -1e-07 0 0 -4.31244e-10 
132 -0.000763485 -4.70297e-05 -0.147185 0 0 -1e-07 0 0 -4.34511e-10 
133 -0.000404786 0.000100183 -0.124508 0 0 -1e-07 0 0 -4.37778e-10 
134 -0.000701955 0.000125506 -0.116763 0 0 -1e-07 0 0 -4.41045e-10 
135 0.000131287 -0.000331764 -0.117899 0 0 -1e-07 0 0 -4.44312e-10 
136 -0.000846445 -0.000697991 -0.142676 0 0 -1e-07 0 0 -4.47579e-10 
137 2.20453e-05 -0.00031673 -0.199328 0 0 -1e-07 0 0 -4.50846e-10 
138 -0.000489487 0.000112815 -0.107211 0 0 -1e-07 0 0 -4.54113e-10 
139 -0.000178203 -0.000264128 -0.0865594 0 0 -1e-07 0 0 -4.5738e-10 
140 -0.000126974 -0.000412692 -0.0985382 0 0 -1e-07 0 0 -4.60647e-10 
141 0.000608271 -0.000532476 -0.152629 0 0 -1e-07 0 0 -4.63914e-10 
142 0.000378214 7.67841e-05 -0.181401 0 0 -1e-07 0 0 -4.67181e-10 
143 -0.000752784 1.09019e-05 -0.186447 0 0 -1e-07 0 0 -4.70448e-10 
144 -0.000238846 -0.00148348 -0.197077 0 0 -1e-07 0 0 -4.73715e-10 
145 -0.000583144 -0.000671881 -0.121719 0 0 -1e-07 0 0 -4.76982e-10 
146 -8.68343e-05 -0.000390613 -0.140336 0 0 -1e-07 0 0 -4.80249e-10 
147 -0.00077204 0.000269727 -0.125936 0 0 -1e-07 0 0 -4.83516e-10 
148 8.47307e-05 0.000384674 -0.145309 0 0 -1e-07 0 0 -4.86783e-10 
149 -0.000381633 0.000152676 -0.145454 0 0 -1e-07 0 0 -4.9005e-10 
150 -0.00033781 -0.000431292 -0.0930519 0 0 -1e-07 0 0 -4.93317e-10 
151 -0.000144976 -0.000918921 -0.180822 0 0 -1e-07 0 0 -4.96584e-10 
152 0.000406632 -0.000305747 -0.136659 0 0 -1e-07 0 0 -4.99851e-10 
153 -0.000386558 6.73799e-05 -0.122704 0 0 -1e-07 0 0 -5.03118e-10 
154 -0.000388404 0.000170703 -0.191942 0 0 -1e-07 0 0 -5.06385e-10 
155 0.000661021 0.000312576 -0.141849 0 0 -1e-07 0 0 -5.09652e-10 
156 0.000466938 -0.000438425 -0.172643 0 0 -1e-07 0 0 -5.12919e-10 
157 -0.000304971 -0.000826991 -0.0979478 0 0 -1e-07 0 0 -5.16186e-10 
158 -5.22489e-05 -0.00162622 -0.170681 0 0 -1e-07 0 0 -5.19453e-10 
159 -0.000209988 -0.00011419 -0.110366 0 0 -1e-07 0 0 -5.2272e-10 
160 -0.000231174 -0.00110686 -0.135907 0 0 -1e-07 0 0 -5.25987e-10 
161 0.000244719 -0.00017018 -0.133788 0 0 -1e-07 0 0 -5.29254e-10 
162 -0.000118788 -0.000818615 -0.135935 0 0 -1e-07 0 0 -5.32521e-10 
163 -0.000427851 -0.00106481 -0.0957289 0 0 -1e-07 0 0 -5.35788e-10 
164 1.98533e-08 0.00015074 -0.116681 0 0 -1e-07 0 0 -5.39055e-10 
165 -0.000293495 9.25387e-05 -0.184038 0 0 -1e-07 0 0 -5.42322e-10 
166 -0.00088173 -0.000315568 -0.196576 0 0 -1e-07 0 0 -5.45589e-10 
167 2.82531e-05 -0.000543322 -0.168258 0 0 -1e-07 0 0 -5.48856e-10 
168 0.000129672 -0.000797439 -0.177339 0 0 -1e-07 0 0 -5.52123e-10 
169 -0.000389031 -4.21054e-05 -0.129984 0 0 -1e-07 0 0 -5.5539e-10 
170 -0.000315008 -0.000576992 -0.124253 0 0 -1e-07 0 0 -5.58657e-10 
171 -0.000445489 0.000373005 -0.161476 0 0 -1e-07 0 0 -5.61924e-10 
172 0.000336449 0.000740284 -0.142112 0 0 -1e-07 0 0 -5.65191e-10 
173 -0.000220501 0.000164647 -0.130209 0 0 -1e-07 0 0 -5.68458e-10 
174 -0.000891856 -0.000524583 -0.132572 0 0 -1e-07 0 0 -5.71725e-10 
175 -0.000124742 -0.000494701 -0.14267 0 0 -1e-07 0 0 -5.74992e-10 
176 0.000241862 0.000442975 -0.124519 0 0 -1e-07 0 0 -5.78259e-10 
177 -0.000565639 -0.000213528 -0.148656 0 0 -1e-07 0 0 -5.81526e-10 
178 0.000134495 -0.000636796 -0.101577 0 0 -1e-07 0 0 -5.84793e-10 
179 -0.00086946 -0.000660192 -0.206527 0 0 -1e-07 0 0 -5.8806e-10 
180 0.00068185 -0.000701643 -0.182178 0 0 -1e-07 0 0 -5.91327e-10 
181 -0.00108209 -0.000410031 -0.189802 0 0 -1e-07 0 0 -5.94594e-10 
182 0.000624948 0.000180727 -0.134726 0 0 -1e-07 0 0 -5.97861e-10 
183 0.00111186 8.95427e-07 -0.127233 0 0 -1e-07 0 0 -6.01128e-10 
184 0.000618791 -0.000910202 -0.109748 0 0 -1e-07 0 0 -6.04395e-10 
185 0.000260237 -0.00112532 -0.109256 0 0 -1e-07 0 0 -6.07662e-10 
186 0.000676976 0.000257584 -0.186915 0 0 -1e-07 0 0 -6.10929e-10 
187 -0.000753503 -0.000940939 -0.164119 0 0 -1e-07 0 0 -6.14196e-10 
188 -0.000770786 -0.00130928 -0.169132 0 0 -1e-07 0 0 -6.17463e-10 
189 -0.000826969 -0.000658964 -0.161277 0 0 -1e-07 0 0 -6.2073e-10 
190 -0.000149095 -0.0004463 -0.173489 0 0 -1e-07 0 0 -6.23997e-10 
191 0.000531785 0.00054779 -0.0984922 0 0 -1e-07 0 0 -6.27264e-10 
192 -4.9937e-05 0.000403504 -0.147223 0 0 -1e-07 0 0 -6.30531e-10 
193 -4.60934e-06 0.000184913 -0.127354 0 0 -1e-07 0 0 -6.33798e-10 
194 -0.000321664 -0.000678566 -0.185582 0 0 -1e-07 0 0 -6.37065e-10 
195 -0.000651111 -0.00113471 -0.168081 0 0 -1e-07 0 0 -6.40332e-10 
196 -0.00033145 -0.00136928 -0.229017 0 0 -1e-07 0 0 -6.43599e-10 
197 0.000226565 8.28285e-05 -0.112812 0 0 -1e-07 0 0 -6.46866e-10 
198 -0.000249936 0.000108549 -0.0980081 0 0 -1e-07 0 0 -6.50133e-10 
199 0.000805441 -6.02469e-05 -0.13623 0 0 -1e-07 0 0 -6.534e-10 
200 -0.000499601 0.000407751 -0.112761 0 0 -1e-07 0 0 -6.56667e-10 
