# step Fx Fy Fz Vx Vy Vz Dx Dy Dz 
0 0 0 0 0 0 -1e-07 0 0 -1.48501e-12 
1 0 0 0 0 0 -1e-07 0 0 -2.97001e-12 
2 0 0 0 0 0 -1e-07 0 0 -4.45502e-12 
3 0 0 0 0 0 -1e-07 0 0 -5.94003e-12 
4 0 0 0 0 0 -1e-07 0 0 -7.42503e-12 
5 0 0 0 0 0 -1e-07 0 0 -8.91004e-12 
6 0 0 0 0 0 -1e-07 0 0 -1.0395e-11 
7 0 0 0 0 0 -1e-07 0 0 -1.18801e-11 
8 0 0 0 0 0 -1e-07 0 0 -1.33651e-11 
9 0 0 0 0 0 -1e-07 0 0 -1.48501e-11 
10 0 0 0 0 0 -1e-07 0 0 -1.63351e-11 
11 0 0 0 0 0 -1e-07 0 0 -1.78201e-11 
12 0 0 0 0 0 -1e-07 0 0 -1.93051e-11 
13 0 0 0 0 0 -1e-07 0 0 -2.07901e-11 
14 0 0 0 0 0 -1e-07 0 0 -2.22751e-11 
15 0 0 0 0 0 -1e-07 0 0 -2.37601e-11 
16 0 0 0 0 0 -1e-07 0 0 -2.52451e-11 
17 0 0 0 0 0 -1e-07 0 0 -2.67301e-11 
18 -3.13954e-11 -6.4975e-11 -0.0111435 0 0 -1e-07 0 0 -2.82151e-11 
19 0 0 0 0 0 -1e-07 0 0 -2.97001e-11 
20 -1.12784e-10 -3.0182e-11 -0.0349683 0 0 -1e-07 0 0 -3.11851e-11 
21 -5.8033e-11 7.7626e-11 -0.0264848 0 0 -1e-07 0 0 -3.26701e-11 
22 5.78078e-11 3.31581e-11 -0.0223523 0 0 -1e-07 0 0 -3.41552e-11 
23 4.82861e-11 -4.01463e-11 -0.0170081 0 0 -1e-07 0 0 -3.56402e-11 
24 1.70373e-05 2.91381e-05 -0.0514659 0 0 -1e-07 0 0 -3.71252e-11 
25 -2.86104e-05 -3.11892e-05 -0.0367292 0 0 -1e-07 0 0 -3.86102e-11 
26 -1.44681e-05 -5.54621e-05 -0.0313854 0 0 -1e-07 0 0 -4.00952e-11 
27 3.91603e-05 -3.62536e-05 -0.0575664 0 0 -1e-07 0 0 -4.15802e-11 
28 -6.32542e-05 -3.8165e-05 -0.105696 0 0 -1e-07 0 0 -4.30652e-11 
29 -1.24464e-05 2.39311e-05 -0.0927131 0 0 -1e-07 0 0 -4.45502e-11 
30 7.47363e-05 -0.000128838 -0.0675887 0 0 -1e-07 0 0 -4.60352e-11 
31 -4.05761e-05 -0.00010662 -0.14387 0 0 -1e-07 0 0 -4.75202e-11 
32 -2.26626e-05 -0.000155916 -0.0867233 0 0 -1e-07 0 0 -4.90052e-11 
33 3.64055e-05 -5.79523e-06 -0.104443 0 0 -1e-07 0 0 -5.04902e-11 
34 3.59611e-05 0.000108913 -0.240546 0 0 -1e-07 0 0 -5.19752e-11 
35 0.000101972 7.76467e-05 -0.0755193 0 0 -1e-07 0 0 -5.34602e-11 
36 0.000273042 1.59096e-05 -0.113935 0 0 -1e-07 0 0 -5.49452e-11 
37 -6.56561e-05 -2.39855e-05 -0.153569 0 0 -1e-07 0 0 -5.64302e-11 
38 2.80423e-06 -4.69924e-05 -0.115234 0 0 -1e-07 0 0 -5.79153e-11 
39 -0.000167739 -0.000139722 -0.215399 0 0 -1e-07 0 0 -5.94003e-11 
40 -3.92795e-05 -0.000207886 -0.284501 0 0 -1e-07 0 0 -6.08853e-11 
41 -3.15335e-05 -8.22126e-05 -0.256517 0 0 -1e-07 0 0 -6.23703e-11 
42 -0.000117654 -5.41578e-05 -0.122389 0 0 -1e-07 0 0 -6.38553e-11 
43 -0.000206802 0.000128601 -0.244363 0 0 -1e-07 0 0 -6.53403e-11 
44 -0.000698205 -0.000220388 -0.253136 0 0 -1e-07 0 0 -6.68253e-11 
45 -0.000142592 -7.78775e-06 -0.176205 0 0 -1e-07 0 0 -6.83103e-11 
46 0.000292467 0.000167058 -0.212135 0 0 -1e-07 0 0 -6.97953e-11 
47 -0.000180539 -0.000721089 -0.237289 0 0 -1e-07 0 0 -7.12803e-11 
48 0.000391282 0.000617792 -0.213246 0 0 -1e-07 0 0 -7.27653e-11 
49 0.000245548 0.000296405 -0.280255 0 0 -1e-07 0 0 -7.42503e-11 
50 0.000124957 2.78592e-05 -0.314707 0 0 -1e-07 0 0 -7.57353e-11 
51 -0.000338998 -0.000284527 -0.302534 0 0 -1e-07 0 0 -7.72203e-11 
52 -6.04785e-05 0.000278936 -0.245002 0 0 -1e-07 0 0 -7.87053e-11 
53 -0.000217631 -0.00024451 -0.249895 0 0 -1e-07 0 0 -8.01904e-11 
54 0.000447266 -0.000180993 -0.321144 0 0 -1e-07 0 0 -8.16754e-11 
55 -0.000395646 -0.000153053 -0.294833 0 0 -1e-07 0 0 -8.31604e-11 
56 0.000230646 0.000401945 -0.268089 0 0 -1e-07 0 0 -8.46454e-11 
57 5.09451e-05 0.00028125 -0.253794 0 0 -1e-07 0 0 -8.61304e-11 
58 -0.000111283 9.25743e-05 -0.233989 0 0 -1e-07 0 0 -8.76154e-11 
59 0.000118804 0.000142154 -0.174373 0 0 -1e-07 0 0 -8.91004e-11 
60 -0.000294011 0.000211609 -0.209137 0 0 -1e-07 0 0 -9.05854e-11 
61 -5.84007e-05 0.00025452 -0.214116 0 0 -1e-07 0 0 -9.20704e-11 
62 0.000884407 0.000103737 -0.359532 0 0 -1e-07 0 0 -9.35554e-11 
63 -0.000504801 -0.000755706 -0.306792 0 0 -1e-07 0 0 -9.50404e-11 
64 -9.04125e-05 -0.000523348 -0.179728 0 0 -1e-07 0 0 -9.65254e-11 
65 -0.00021839 7.26057e-05 -0.32361 0 0 -1e-07 0 0 -9.80104e-11 
66 -0.00015274 0.000457191 -0.244546 0 0 -1e-07 0 0 -9.94954e-11 
67 9.83187e-05 1.40243e-05 -0.322952 0 0 -1e-07 0 0 -1.0098e-10 
68 -0.000147407 0.000143056 -0.222082 0 0 -1e-07 0 0 -1.02465e-10 
69 -0.000297943 0.000419978 -0.269783 0 0 -1e-07 0 0 -1.0395e-10 
70 -0.000549008 0.000172748 -0.231223 0 0 -1e-07 0 0 -1.05435e-10 
71 -0.000324207 -0.000220432 -0.212941 0 0 -1e-07 0 0 -1.0692e-10 
72 0.000371013 -0.00085048 -0.266621 0 0 -1e-07 0 0 -1.08405e-10 
73 0.000459379 -0.00020167 -0.375092 0 0 -1e-07 0 0 -1.0989e-10 
74 0.000834296 7.48211e-05 -0.266047 0 0 -1e-07 0 0 -1.11375e-10 
75 -0.00111832 0.000657307 -0.260431 0 0 -1e-07 0 0 -1.1286e-10 
76 -9.18895e-05 0.000669547 -0.244782 0 0 -1e-07 0 0 -1.14346e-10 
77 -0.00018553 -0.000128477 -0.244368 0 0 -1e-07 0 0 -1.15831e-10 
78 -0.000150289 -0.000446885 -0.232809 0 0 -1e-07 0 0 -1.17316e-10 
79 -0.00117301 -1.17865e-05 -0.24889 0 0 -1e-07 0 0 -1.18801e-10 
80 -0.00146359 -0.000109797 -0.186355 0 0 -1e-07 0 0 -1.20286e-10 
81 -0.000377515 -0.000452404 -0.154164 0 0 -1e-07 0 0 -1.21771e-10 
82 -0.000934776 0.000259267 -0.367322 0 0 -1e-07 0 0 -1.23256e-10 
83 -0.000255446 -0.000511523 -0.24299 0 0 -1e-07 0 0 -1.24741e-10 
84 -0.000701544 -0.000431545 -0.202546 0 0 -1e-07 0 0 -1.26226e-10 
85 -0.000324043 -0.000145193 -0.230838 0 0 -1e-07 0 0 -1.27711e-10 
86 -7.79873e-05 -0.000342336 -0.339496 0 0 -1e-07 0 0 -1.29196e-10 
87 0.00047046 8.30523e-05 -0.269909 0 0 -1e-07 0 0 -1.30681e-10 
88 0.00079562 0.000924402 -0.194929 0 0 -1e-07 0 0 -1.32166e-10 
89 0.000304283 0.00125794 -0.254584 0 0 -1e-07 0 0 -1.33651e-10 
90 -0.000998814 0.000318358 -0.297434 0 0 -1e-07 0 0 -1.35136e-10 
91 -0.00167418 -0.000849737 -0.268685 0 0 -1e-07 0 0 -1.36621e-10 
92 0.000701025 -0.000699321 -0.241047 0 0 -1e-07 0 0 -1.38106e-10 
93 0.00087919 9.57867e-05 -0.320435 0 0 -1e-07 0 0 -1.39591e-10 
94 0.00143905 0.000564723 -0.417194 0 0 -1e-07 0 0 -1.41076e-10 
95 -0.000222691 -1.77691e-05 -0.283716 0 0 -1e-07 0 0 -1.42561e-10 
96 -0.00076931 -0.000508259 -0.277199 0 0 -1e-07 0 0 -1.44046e-10 
97 0.000457759 -0.000690387 -0.169804 0 0 -1e-07 0 0 -1.45531e-10 
98 -0.000323584 -0.000373324 -0.233583 0 0 -1e-07 0 0 -1.47016e-10 
99 -0.00178158 -0.000789204 -0.234409 0 0 -1e-07 0 0 -1.48501e-10 
100 -0.000768489 0.000460983 -0.277261 0 0 -1e-07 0 0 -1.49986e-10 
101 -0.000705552 0.000991818 -0.249957 0 0 -1e-07 0 0 -1.51471e-10 
102 6.13693e-05 -7.28377e-06 -0.272188 0 0 -1e-07 0 0 -1.52956e-10 
103 0.000627445 -0.000172889 -0.204519 0 0 -1e-07 0 0 -1.54441e-10 
104 3.90854e-05 0.000704957 -0.238866 0 0 -1e-07 0 0 -1.55926e-10 
105 0.000326114 -0.000551215 -0.237903 0 0 -1e-07 0 0 -1.57411e-10 
106 -0.000221766 -0.00140846 -0.22776 0 0 -1e-07 0 0 -1.58896e-10 
107 -0.000382352 -9.13729e-05 -0.279598 0 0 -1e-07 0 0 -1.60381e-10 
108 0.000225798 -0.00017984 -0.185751 0 0 -1e-07 0 0 -1.61866e-10 
109 -3.64848e-05 -0.000353982 -0.241481 0 0 -1e-07 0 0 -1.63351e-10 
110 0.00124611 -0.000807983 -0.23546 0 0 -1e-07 0 0 -1.64836e-10 
111 -0.000636977 0.000790172 -0.299745 0 0 -1e-07 0 0 -1.66321e-10 
112 -0.000532636 0.000322194 -0.362234 0 0 -1e-07 0 0 -1.67806e-10 
113 -0.000816792 -0.000983538 -0.253803 0 0 -1e-07 0 0 -1.69291e-10 
114 0.000617173 -0.000671079 -0.325791 0 0 -1e-07 0 0 -1.70776e-10 
115 0.00048128 -0.00109624 -0.318167 0 0 -1e-07 0 0 -1.72261e-10 
116 0.000211451 -0.000777531 -0.283929 0 0 -1e-07 0 0 -1.73746e-10 
117 -0.000790942 0.000127083 -0.215447 0 0 -1e-07 0 0 -1.75231e-10 
118 0.000745835 0.000785518 -0.228882 0 0 -1e-07 0 0 -1.76716e-10 
119 9.91729e-05 0.000129414 -0.241179 0 0 -1e-07 0 0 -1.78201e-10 
120 -0.000589452 0.00124963 -0.252611 0 0 -1e-07 0 0 -1.79686e-10 
121 -0.00184382 0.000192126 -0.341005 0 0 -1e-07 0 0 -1.81171e-10 
122 -0.000547922 -0.00144323 -0.350912 0 0 -1e-07 0 0 -1.82656e-10 
123 0.000438332 -0.000562843 -0.221009 0 0 -1e-07 0 0 -1.84141e-10 
124 -0.00014098 -0.00025028 -0.197276 0 0 -1e-07 0 0 -1.85626e-10 
125 0.000544131 -0.000524677 -0.252309 0 0 -1e-07 0 0 -1.87111e-10 
126 0.000429191 -0.00028698 -0.280525 0 0 -1e-07 0 0 -1.88596e-10 
127 4.66526e-05 9.74827e-05 -0.197261 0 0 -1e-07 0 0 -1.90081e-10 
128 0.000548514 -0.000709769 -0.218487 0 0 -1e-07 0 0 -1.91566e-10 
129 -0.00104104 -0.000754832 -0.278057 0 0 -1e-07 0 0 -1.93051e-10 
130 -0.000354528 -3.30392e-05 -0.355096 0 0 -1e-07 0 0 -1.94536e-10 
131 0.000656574 -0.000612852 -0.24332 0 0 -1e-07 0 0 -1.96021e-10 
132 -0.00119407 -0.000303463 -0.406128 0 0 -1e-07 0 0 -1.97506e-10 
133 -0.000337333 -0.000957625 -0.231087 0 0 -1e-07 0 0 -1.98991e-10 
134 -0.000905613 -0.00059528 -0.120468 0 0 -1e-07 0 0 -2.00476e-10 
135 0.00018822 -0.000323392 -0.200966 0 0 -1e-07 0 0 -2.01961e-10 
136 0.000655623 -6.19154e-05 -0.225693 0 0 -1e-07 0 0 -2.03446e-10 
137 -0.00103982 -0.000255997 -0.260059 0 0 -1e-07 0 0 -2.04931e-10 
138 -0.00051028 0.000946857 -0.357048 0 0 -1e-07 0 0 -2.06416e-10 
139 -0.000295311 -0.00202838 -0.316407 0 0 -1e-07 0 0 -2.07901e-10 
140 0.000382781 0.000111339 -0.320766 0 0 -1e-07 0 0 -2.09386e-10 
141 0.000825764 -0.000306082 -0.306091 0 0 -1e-07 0 0 -2.10871e-10 
142 -5.54527e-05 -0.000376234 -0.293113 0 0 -1e-07 0 0 -2.12356e-10 
143 -0.000572992 -0.00039802 -0.255728 0 0 -1e-07 0 0 -2.13841e-10 
144 3.6947e-06 0.000620354 -0.277091 0 0 -1e-07 0 0 -2.15326e-10 
145 8.93994e-05 -0.00010016 -0.288404 0 0 -1e-07 0 0 -2.16811e-10 
146 0.000405439 -3.44796e-05 -0.349754 0 0 -1e-07 0 0 -2.18296e-10 
147 -0.000498556 0.000515377 -0.123862 0 0 -1e-07 0 0 -2.19781e-10 
148 0.000484327 8.51555e-05 -0.164934 0 0 -1e-07 0 0 -2.21266e-10 
149 -5.80423e-06 -0.00119917 -0.251266 0 0 -1e-07 0 0 -2.22751e-10 
150 0.00046631 -0.00104337 -0.271654 0 0 -1e-07 0 0 -2.24236e-10 
151 -0.000608867 -0.00192027 -0.325226 0 0 -1e-07 0 0 -2.25721e-10 
152 -0.000392645 -0.000175468 -0.257593 0 0 -1e-07 0 0 -2.27206e-10 
153 0.000219397 0.000159312 -0.229299 0 0 -1e-07 0 0 -2.28691e-10 
154 -0.00107348 9.26594e-05 -0.345543 0 0 -1e-07 0 0 -2.30176e-10 
155 -0.0014109 1.11756e-05 -0.295815 0 0 -1e-07 0 0 -2.31661e-10 
156 6.07718e-05 0.000598608 -0.24026 0 0 -1e-07 0 0 -2.33146e-10 
157 -0.00076269 -5.62825e-05 -0.230801 0 0 -1e-07 0 0 -2.34631e-10 
158 0.00106895 -0.00178847 -0.206006 0 0 -1e-07 0 0 -2.36116e-10 
159 1.85012e-05 -0.000161962 -0.192065 0 0 -1e-07 0 0 -2.37601e-10 
160 -0.00134632 -0.000855742 -0.26769 0 0 -1e-07 0 0 -2.39086e-10 
161 0.000701208 -0.000526126 -0.230292 0 0 -1e-07 0 0 -2.40571e-10 
162 0.000205656 0.00148025 -0.221892 0 0 -1e-07 0 0 -2.42056e-10 
163 -0.00134258 0.000909185 -0.21642 0 0 -1e-07 0 0 -2.43541e-10 
164 -0.000351445 -0.000538238 -0.38815 0 0 -1e-07 0 0 -2.45026e-10 
165 0.0006499 -0.000214346 -0.337948 0 0 -1e-07 0 0 -2.46511e-10 
166 -0.000115142 -0.000950262 -0.233208 0 0 -1e-07 0 0 -2.47996e-10 
167 0.000576031 -4.51752e-05 -0.31441 0 0 -1e-07 0 0 -2.49481e-10 
168 0.00258626 -0.00111861 -0.274211 0 0 -1e-07 0 0 -2.50966e-10 
169 -0.000600292 -0.000734167 -0.296537 0 0 -1e-07 0 0 -2.52451e-10 
170 0.00133181 -0.000730724 -0.328294 0 0 -1e-07 0 0 -2.53936e-10 
171 -0.000149678 0.000866929 -0.292005 0 0 -1e-07 0 0 -2.55421e-10 
172 -0.00116673 -0.000881157 -0.263021 0 0 -1e-07 0 0 -2.56906e-10 
173 0.00025703 0.000442105 -0.195528 0 0 -1e-07 0 0 -2.58391e-10 
174 0.000861293 -0.00107072 -0.279909 0 0 -1e-07 0 0 -2.59876e-10 
175 -0.00158473 -0.000790988 -0.393573 0 0 -1e-07 0 0 -2.61361e-10 
176 -0.000811023 -0.00181309 -0.255662 0 0 -1e-07 0 0 -2.62846e-10 
177 0.000723458 -0.00116721 -0.258916 0 0 -1e-07 0 0 -2.64331e-10 
178 0.000983873 0.00059728 -0.238991 0 0 -1e-07 0 0 -2.65816e-10 
179 -0.000678065 -0.000250153 -0.235128 0 0 -1e-07 0 0 -2.67301e-10 
180 -0.000208344 -0.0002088 -0.220139 0 0 -1e-07 0 0 -2.68786e-10 
181 0.000155533 0.00040857 -0.271511 0 0 -1e-07 0 0 -2.70271e-10 
182 5.79604e-05 8.55597e-05 -0.254066 0 0 -1e-07 0 0 -2.71756e-10 
183 -0.000149631 -0.000112586 -0.25416 0 0 -1e-07 0 0 -2.73241e-10 
184 0.000433291 -0.00058124 -0.28558 0 0 -1e-07 0 0 -2.74726e-10 
185 -7.03455e-05 -8.51057e-05 -0.318637 0 0 -1e-07 0 0 -2.76211e-10 
186 -0.000351097 0.000736538 -0.431345 0 0 -1e-07 0 0 -2.77696e-10 
187 0.00180972 -3.2751e-05 -0.216224 0 0 -1e-07 0 0 -2.79181e-10 
188 -1.7167e-05 0.000147568 -0.261822 0 0 -1e-07 0 0 -2.80666e-10 
189 3.98116e-05 0.000120666 -0.278577 0 0 -1e-07 0 0 -2.82151e-10 
190 -5.49896e-05 -0.00101533 -0.290859 0 0 -1e-07 0 0 -2.83636e-10 
191 -0.00280511 -0.000509531 -0.395998 0 0 -1e-07 0 0 -2.85121e-10 
192 -0.000919262 -0.000526083 -0.296366 0 0 -1e-07 0 0 -2.86606e-10 
193 -0.000543302 0.000289899 -0.266576 0 0 -1e-07 0 0 -2.88091e-10 
194 -0.00010351 0.00127436 -0.329854 0 0 -1e-07 0 0 -2.89576e-10 
195 -0.000426991 -0.000449308 -0.243671 0 0 -1e-07 0 0 -2.91061e-10 
196 0.00240232 0.00103255 -0.408374 0 0 -1e-07 0 0 -2.92546e-10 
197 0.000691646 -0.00148001 -0.341645 0 0 -1e-07 0 0 -2.94031e-10 
198 0.00031532 -0.00048264 -0.306549 0 0 -1e-07 0 0 -2.95516e-10 
199 -0.000347588 -0.000163489 -0.189777 0 0 -1e-07 0 0 -2.97001e-10 
200 -0.000691166 -0.000443591 -0.193984 0 0 -1e-07 0 0 -2.98486e-10 
