# step Fx Fy Fz Vx Vy Vz Dx Dy Dz 
0 0 0 0 0 0 -1e-07 0 0 -3.267e-12 
1 0 0 0 0 0 -1e-07 0 0 -6.534e-12 
2 0 0 0 0 0 -1e-07 0 0 -9.80099e-12 
3 0 0 0 0 0 -1e-07 0 0 -1.3068e-11 
4 0 0 0 0 0 -1e-07 0 0 -1.6335e-11 
5 0 0 0 0 0 -1e-07 0 0 -1.9602e-11 
6 0 0 0 0 0 -1e-07 0 0 -2.2869e-11 
7 0 0 0 0 0 -1e-07 0 0 -2.6136e-11 
8 0 0 0 0 0 -1e-07 0 0 -2.9403e-11 
9 -1.60187e-12 9.2181e-12 -0.0127844 0 0 -1e-07 0 0 -3.267e-11 
10 -8.04165e-14 -1.23759e-11 -0.0136631 0 0 -1e-07 0 0 -3.5937e-11 
11 1.91337e-12 4.3724e-12 -0.0162704 0 0 -1e-07 0 0 -3.9204e-11 
12 -3.40561e-07 6.77518e-07 -0.0251804 0 0 -1e-07 0 0 -4.2471e-11 
13 -1.06301e-05 -4.18697e-05 -0.0501826 0 0 -1e-07 0 0 -4.5738e-11 
14 7.09366e-05 -6.35427e-05 -0.0383567 0 0 -1e-07 0 0 -4.9005e-11 
15 3.57982e-05 -6.63887e-06 -0.0489828 0 0 -1e-07 0 0 -5.2272e-11 
16 -1.4514e-05 -1.05412e-05 -0.0647892 0 0 -1e-07 0 0 -5.5539e-11 
17 3.03806e-06 -5.64093e-05 -0.0991068 0 0 -1e-07 0 0 -5.8806e-11 
18 7.97952e-05 -5.2619e-05 -0.0921435 0 0 -1e-07 0 0 -6.2073e-11 
19 -2.45444e-05 3.43105e-05 -0.0933652 0 0 -1e-07 0 0 -6.534e-11 
20 0.000277404 9.10957e-06 -0.119345 0 0 -1e-07 0 0 -6.8607e-11 
21 9.34094e-05 -0.000131467 -0.110068 0 0 -1e-07 0 0 -7.1874e-11 
22 0.000216498 -5.08171e-05 -0.126647 0 0 -1e-07 0 0 -7.51409e-11 
23 0.000177189 0.000142454 -0.107327 0 0 -1e-07 0 0 -7.84079e-11 
24 5.90183e-05 -0.000253124 -0.0981097 0 0 -1e-07 0 0 -8.16749e-11 
25 -4.61589e-05 0.000336678 -0.118611 0 0 -1e-07 0 0 -8.49419e-11 
26 -9.382e-05 0.000414553 -0.147807 0 0 -1e-07 0 0 -8.82089e-11 
27 -1.41517e-05 -0.000106365 -0.124586 0 0 -1e-07 0 0 -9.14759e-11 
28 3.20026e-06 -4.15965e-05 -0.113915 0 0 -1e-07 0 0 -9.47429e-11 
29 0.000633519 -9.05663e-06 -0.121339 0 0 -1e-07 0 0 -9.80099e-11 
30 0.000141979 0.000270187 -0.122086 0 0 -1e-07 0 0 -1.01277e-10 
31 -2.64454e-05 8.06207e-05 -0.155779 0 0 -1e-07 0 0 -1.04544e-10 
32 -0.000214747 6.84892e-05 -0.114377 0 0 -1e-07 0 0 -1.07811e-10 
33 -8.97247e-05 -2.99177e-05 -0.0903816 0 0 -1e-07 0 0 -1.11078e-10 
34 0.000149279 9.32602e-05 -0.122688 0 0 -1e-07 0 0 -1.14345e-10 
35 -7.2755e-05 -0.000154723 -0.106241 0 0 -1e-07 0 0 -1.17612e-10 
36 0.00020763 7.90768e-05 -0.143263 0 0 -1e-07 0 0 -1.20879e-10 
37 5.2671e-05 0.000269337 -0.11197 0 0 -1e-07 0 0 -1.24146e-10 
38 -0.00011881 0.000640306 -0.144213 0 0 -1e-07 0 0 -1.27413e-10 
39 -0.000236059 7.71704e-07 -0.0857306 0 0 -1e-07 0 0 -1.3068e-10 
40 -0.000122976 -5.32965e-05 -0.123181 0 0 -1e-07 0 0 -1.33947e-10 
41 0.000137572 -0.000142668 -0.133551 0 0 -1e-07 0 0 -1.37214e-10 
42 0.000356637 -0.000310655 -0.140944 0 0 -1e-07 0 0 -1.40481e-10 
43 0.000138033 0.000271456 -0.103909 0 0 -1e-07 0 0 -1.43748e-10 
44 -0.0001154 0.00049788 -0.140617 0 0 -1e-07 0 0 -1.47015e-10 
45 0.000107416 0.000171226 -0.146458 0 0 -1e-07 0 0 -1.50282e-10 
46 0.000185608 -0.00029733 -0.10084 0 0 -1e-07 0 0 -1.53549e-10 
47 3.38549e-05 -0.000306656 -0.123334 0 0 -1e-07 0 0 -1.56816e-10 
48 -0.000285723 9.31266e-05 -0.133112 0 0 -1e-07 0 0 -1.60083e-10 
49 -0.000130365 -9.37161e-05 -0.123585 0 0 -1e-07 0 0 -1.6335e-10 
50 -0.000417768 -0.000538119 -0.0746763 0 0 -1e-07 0 0 -1.66617e-10 
51 0.000145129 0.000231362 -0.11228 0 0 -1e-07 0 0 -1.69884e-10 
52 -0.000184758 -0.000184166 -0.102077 0 0 -1e-07 0 0 -1.73151e-10 
53 0.000336339 0.000156552 -0.156945 0 0 -1e-07 0 0 -1.76418e-10 
54 -0.000230449 9.98791e-05 -0.166076 0 0 -1e-07 0 0 -1.79685e-10 
55 0.000249108 0.000145872 -0.13503 0 0 -1e-07 0 0 -1.82952e-10 
56 -0.000204606 -0.000261854 -0.101303 0 0 -1e-07 0 0 -1.86219e-10 
57 0.000511787 -0.00020617 -0.10485 0 0 -1e-07 0 0 -1.89486e-10 
58 0.000186143 -0.000187672 -0.162854 0 0 -1e-07 0 0 -1.92753e-10 
59 -0.000324004 -0.000317084 -0.130861 0 0 -1e-07 0 0 -1.9602e-10 
60 -0.000242517 -7.27342e-05 -0.107144 0 0 -1e-07 0 0 -1.99287e-10 
61 3.43629e-05 -0.000170059 -0.124969 0 0 -1e-07 0 0 -2.02554e-10 
62 0.000151214 -0.0001292 -0.0842695 0 0 -1e-07 0 0 -2.05821e-10 
63 -0.00077362 -3.89677e-05 -0.124842 0 0 -1e-07 0 0 -2.09088e-10 
64 0.000705375 -0.00049617 -0.128068 0 0 -1e-07 0 0 -2.12355e-10 
65 0.000273863 -0.00017871 -0.107964 0 0 -1e-07 0 0 -2.15622e-10 
66 -5.40831e-05 0.000177217 -0.158696 0 0 -1e-07 0 0 -2.18889e-10 
67 0.000155492 0.000194389 -0.175028 0 0 -1e-07 0 0 -2.22156e-10 
68 0.000619839 -0.000277775 -0.142445 0 0 -1e-07 0 0 -2.25423e-10 
69 0.000544531 0.000362796 -0.115503 0 0 -1e-07 0 0 -2.2869e-10 
70 -3.2844e-05 0.00095681 -0.14684 0 0 -1e-07 0 0 -2.31957e-10 
71 -0.000257444 0.000134428 -0.130404 0 0 -1e-07 0 0 -2.35224e-10 
72 0.00034043 -0.000210794 -0.120099 0 0 -1e-07 0 0 -2.38491e-10 
73 -0.00010133 -0.0005014 -0.124284 0 0 -1e-07 0 0 -2.41758e-10 
74 0.000508588 0.000126175 -0.138495 0 0 -1e-07 0 0 -2.45025e-10 
75 0.000793932 0.000493864 -0.136509 0 0 -1e-07 0 0 -2.48292e-10 
76 8.11907e-05 0.000175203 -0.0776459 0 0 -1e-07 0 0 -2.51559e-10 
77 -0.000353263 -0.000640175 -0.15425 0 0 -1e-07 0 0 -2.54826e-10 
78 0.000562218 -0.00146252 -0.133325 0 0 -1e-07 0 0 -2.58093e-10 
79 9.29355e-05 0.000274881 -0.165715 0 0 -1e-07 0 0 -2.6136e-10 
80 -0.000370665 0.00016143 -0.118442 0 0 -1e-07 0 0 -2.64627e-10 
81 0.000403746 -0.000217135 -0.155574 0 0 -1e-07 0 0 -2.67894e-10 
82 0.000515162 -0.000181233 -0.105249 0 0 -1e-07 0 0 -2.71161e-10 
83 0.00143032 0.000654743 -0.172722 0 0 -1e-07 0 0 -2.74428e-10 
84 1.22808e-05 -0.000118845 -0.155071 0 0 -1e-07 0 0 -2.77695e-10 
85 -0.000273503 -9.88612e-06 -0.13307 0 0 -1e-07 0 0 -2.80962e-10 
86 -0.000447767 -0.000750806 -0.123496 0 0 -1e-07 0 0 -2.84229e-10 
87 -0.000340527 -0.000151309 -0.112564 0 0 -1e-07 0 0 -2.87496e-10 
88 -8.04255e-05 -9.6493e-06 -0.102341 0 0 -1e-07 0 0 -2.90763e-10 
89 0.000355833 0.000608238 -0.120874 0 0 -1e-07 0 0 -2.9403e-10 
90 0.000522746 0.000348035 -0.139703 0 0 -1e-07 0 0 -2.97297e-10 
91 -0.000248428 0.0001056 -0.146041 0 0 -1e-07 0 0 -3.00564e-10 
92 0.000334554 0.000105058 -0.164156 0 0 -1e-07 0 0 -3.03831e-10 
93 6.08724e-05 -0.000369831 -0.140274 0 0 -1e-07 0 0 -3.07098e-10 
94 0.00072089 -0.000608573 -0.118934 0 0 -1e-07 0 0 -3.10365e-10 
95 0.000164155 -0.000127059 -0.138628 0 0 -1e-07 0 0 -3.13632e-10 
96 3.30762e-05 0.000365111 -0.133112 0 0 -1e-07 0 0 -3.16899e-10 
97 -0.000381596 0.000166478 -0.115509 0 0 -1e-07 0 0 -3.20166e-10 
98 0.000287868 -0.000569723 -0.157799 0 0 -1e-07 0 0 -3.23433e-10 
99 8.31457e-05 -0.000342222 -0.137041 0 0 -1e-07 0 0 -3.267e-10 
100 -0.000464977 0.000673248 -0.132118 0 0 -1e-07 0 0 -3.29967e-10 
101 0.000437356 0.000202343 -0.122974 0 0 -1e-07 0 0 -3.33234e-10 
102 0.000140293 -0.000320337 -0.156173 0 0 -1e-07 0 0 -3.36501e-10 
103 -0.000438788 0.00066928 -0.17979 0 0 -1e-07 0 0 -3.39768e-10 
104 2.17003e-05 0.000301594 -0.139807 0 0 -1e-07 0 0 -3.43035e-10 
105 0.000272606 -0.000761171 -0.148686 0 0 -1e-07 0 0 -3.46302e-10 
106 0.00114433 -0.000298814 -0.133421 0 0 -1e-07 0 0 -3.49569e-10 
107 0.000881424 -0.000463802 -0.0925394 0 0 -1e-07 0 0 -3.52836e-10 
108 0.000367362 -0.000207831 -0.097475 0 0 -1e-07 0 0 -3.56103e-10 
109 -2.87967e-05 -0.00134503 -0.165688 0 0 -1e-07 0 0 -3.5937e-10 
110 -0.000141661 -0.00137017 -0.151123 0 0 -1e-07 0 0 -3.62637e-10 
111 -0.000255595 -8.35238e-05 -0.121882 0 0 -1e-07 0 0 -3.65904e-10 
112 0.000199876 -0.00100923 -0.15411 0 0 -1e-07 0 0 -3.69171e-10 
113 0.000450249 -0.00110116 -0.158044 0 0 -1e-07 0 0 -3.72438e-10 
114 5.598e-05 -7.57156e-05 -0.110219 0 0 -1e-07 0 0 -3.75705e-10 
115 0.00059292 0.000141669 -0.0832876 0 0 -1e-07 0 0 -3.78972e-10 
116 0.00012699 0.000275862 -0.162546 0 0 -1e-07 0 0 -3.82239e-10 
117 -0.00051439 -0.000323356 -0.143587 0 0 -1e-07 0 0 -3.85506e-10 
118 -0.000831431 2.03468e-05 -0.161439 0 0 -1e-07 0 0 -3.88773e-10 
119 0.00104867 0.000271084 -0.114845 0 0 -1e-07 0 0 -3.9204e-10 
120 4.38815e-05 -0.000805521 -0.191485 0 0 -1e-07 0 0 -3.95307e-10 
121 -0.00138858 -0.00028674 -0.157402 0 0 -1e-07 0 0 -3.98574e-10 
122 0.000426218 0.000445388 -0.107848 0 0 -1e-07 0 0 -4.01841e-10 
123 -0.000461776 -0.000191584 -0.126266 0 0 -1e-07 0 0 -4.05108e-10 
124 0.000148183 -0.00122879 -0.147879 0 0 -1e-07 0 0 -4.08375e-10 
125 0.000248912 -5.80146e-05 -0.157796 0 0 -1e-07 0 0 -4.11642e-10 
126 -0.000634608 -0.000595232 -0.138918 0 0 -1e-07 0 0 -4.14909e-10 
127 -0.000378122 0.000340383 -0.142786 0 0 -1e-07 0 0 -4.18176e-10 
128 -0.000125741 4.56785e-06 -0.12874 0 0 -1e-07 0 0 -4.21443e-10 
129 0.000894535 -0.000720627 -0.134796 0 0 -1e-07 0 0 -4.2471e-10 
130 0.000446723 0.000378662 -0.124001 0 0 -1e-07 0 0 -4.27977e-10 
131 0.000586341 0.000306275 -0.130757 0 0 -1e-07 0 0 -4.31244e-10 
132 0.000127274 -0.0003937 -0.151434 0 0 -1e-07 0 0 -4.34511e-10 
133 0.000312181 2.74011e-05 -0.174462 0 0 -1e-07 0 0 -4.37778e-10 
134 -0.00111355 0.000465616 -0.177106 0 0 -1e-07 0 0 -4.41045e-10 
135 -0.00109253 -0.000439807 -0.127047 0 0 -1e-07 0 0 -4.44312e-10 
136 -0.000717378 7.19596e-06 -0.133486 0 0 -1e-07 0 0 -4.47579e-10 
137 0.000247698 -0.000593581 -0.139728 0 0 -1e-07 0 0 -4.50846e-10 
138 0.000481083 -0.000437235 -0.122593 0 0 -1e-07 0 0 -4.54113e-10 
139 0.00105131 -0.000556098 -0.176203 0 0 -1e-07 0 0 -4.5738e-10 
140 0.00133737 0.00077421 -0.174032 0 0 -1e-07 0 0 -4.60647e-10 
141 -0.000434393 -0.000336889 -0.160545 0 0 -1e-07 0 0 -4.63914e-10 
142 -0.000175943 -0.000439818 -0.157872 0 0 -1e-07 0 0 -4.67181e-10 
143 -0.00156736 -0.00236055 -0.139252 0 0 -1e-07 0 0 -4.70448e-10 
144 -0.000428527 -0.000749537 -0.133467 0 0 -1e-07 0 0 -4.73715e-10 
145 0.000196129 -0.000594177 -0.146253 0 0 -1e-07 0 0 -4.76982e-10 
146 -0.000293022 4.49147e-05 -0.13066 0 0 -1e-07 0 0 -4.80249e-10 
147 0.00109489 0.000784771 -0.176404 0 0 -1e-07 0 0 -4.83516e-10 
148 0.000908053 -0.000245795 -0.119249 0 0 -1e-07 0 0 -4.86783e-10 
149 0.000501894 -0.000310379 -0.122841 0 0 -1e-07 0 0 -4.9005e-10 
150 -0.000196563 -0.000160751 -0.140384 0 0 -1e-07 0 0 -4.93317e-10 
151 9.61223e-05 0.000754171 -0.15557 0 0 -1e-07 0 0 -4.96584e-10 
152 0.000679132 -8.84587e-05 -0.224016 0 0 -1e-07 0 0 -4.99851e-10 
153 -0.00057902 -0.000205349 -0.180176 0 0 -1e-07 0 0 -5.03118e-10 
154 0.000690994 2.26744e-05 -0.192353 0 0 -1e-07 0 0 -5.06385e-10 
155 -2.12719e-05 0.000105572 -0.141367 0 0 -1e-07 0 0 -5.09652e-10 
156 -0.00017158 0.000388896 -0.121292 0 0 -1e-07 0 0 -5.12919e-10 
157 -0.000135951 0.000691028 -0.112614 0 0 -1e-07 0 0 -5.16186e-10 
158 -0.00108571 0.000551527 -0.109062 0 0 -1e-07 0 0 -5.19453e-10 
159 -0.000331043 -9.26184e-05 -0.164069 0 0 -1e-07 0 0 -5.2272e-10 
160 -0.000426195 0.000932409 -0.116191 0 0 -1e-07 0 0 -5.25987e-10 
161 0.000367848 -0.000142357 -0.166183 0 0 -1e-07 0 0 -5.29254e-10 
162 -0.000681032 -0.000676875 -0.1486 0 0 -1e-07 0 0 -5.32521e-10 
163 -0.000911185 0.000308449 -0.122657 0 0 -1e-07 0 0 -5.35788e-10 
164 0.000371614 0.000838079 -0.169153 0 0 -1e-07 0 0 -5.39055e-10 
165 0.00127261 0.00108271 -0.179909 0 0 -1e-07 0 0 -5.42322e-10 
166 6.90718e-05 7.65518e-05 -0.155525 0 0 -1e-07 0 0 -5.45589e-10 
167 -3.75387e-05 0.000945766 -0.178339 0 0 -1e-07 0 0 -5.48856e-10 
168 0.000877703 -4.11523e-06 -0.10999 0 0 -1e-07 0 0 -5.52123e-10 
169 0.000553946 -0.000596076 -0.152508 0 0 -1e-07 0 0 -5.5539e-10 
170 -1.9316e-05 0.000210716 -0.160369 0 0 -1e-07 0 0 -5.58657e-10 
171 0.000325915 1.07697e-05 -0.149448 0 0 -1e-07 0 0 -5.61924e-10 
172 -0.00106682 -0.000793059 -0.20867 0 0 -1e-07 0 0 -5.65191e-10 
173 -0.000393105 -0.000110516 -0.105247 0 0 -1e-07 0 0 -5.68458e-10 
174 -9.81432e-05 0.000345138 -0.159369 0 0 -1e-07 0 0 -5.71725e-10 
175 0.000368473 -0.000302578 -0.133253 0 0 -1e-07 0 0 -5.74992e-10 
176 6.58917e-05 0.000415977 -0.112966 0 0 -1e-07 0 0 -5.78259e-10 
177 -0.000527973 -0.000174875 -0.152511 0 0 -1e-07 0 0 -5.81526e-10 
178 -0.000593322 0.00118239 -0.21509 0 0 -1e-07 0 0 -5.84793e-10 
179 -0.000826415 0.000171556 -0.177069 0 0 -1e-07 0 0 -5.8806e-10 
180 -0.00025038 0.000399607 -0.108764 0 0 -1e-07 0 0 -5.91327e-10 
181 -0.000771816 0.000748186 -0.192937 0 0 -1e-07 0 0 -5.94594e-10 
182 0.000194636 1.90707e-05 -0.175791 0 0 -1e-07 0 0 -5.97861e-10 
183 0.000719327 0.000510489 -0.135104 0 0 -1e-07 0 0 -6.01128e-10 
184 0.000210683 -0.0022882 -0.228169 0 0 -1e-07 0 0 -6.04395e-10 
185 -0.000678506 0.000275792 -0.198113 0 0 -1e-07 0 0 -6.07662e-10 
186 -3.82264e-05 2.23928e-05 -0.109406 0 0 -1e-07 0 0 -6.10929e-10 
187 6.50816e-05 -0.000959536 -0.10458 0 0 -1e-07 0 0 -6.14196e-10 
188 -0.000770618 -7.26354e-05 -0.11798 0 0 -1e-07 0 0 -6.17463e-10 
189 0.000126347 2.11758e-05 -0.150936 0 0 -1e-07 0 0 -6.2073e-10 
190 -6.6334e-07 0.000261758 -0.166145 0 0 -1e-07 0 0 -6.23997e-10 
191 -0.000516539 4.05066e-05 -0.14147 0 0 -1e-07 0 0 -6.27264e-10 
192 -1.05192e-05 -0.000653657 -0.192521 0 0 -1e-07 0 0 -6.30531e-10 
193 0.000116596 0.000402081 -0.150393 0 0 -1e-07 0 0 -6.33798e-10 
194 -0.000371652 0.000245778 -0.15287 0 0 -1e-07 0 0 -6.37065e-10 
195 -4.24933e-06 -6.22576e-05 -0.113228 0 0 -1e-07 0 0 -6.40332e-10 
196 0.000727422 -0.000633317 -0.178845 0 0 -1e-07 0 0 -6.43599e-10 
197 -0.000145749 0.00113283 -0.121116 0 0 -1e-07 0 0 -6.46866e-10 
198 -0.000273764 0.000954827 -0.172132 0 0 -1e-07 0 0 -6.50133e-10 
199 -0.000299459 -0.000309192 -0.167887 0 0 -1e-07 0 0 -6.534e-10 
200 -0.00144658 -0.00130086 -0.163739 0 0 -1e-07 0 0 -6.56667e-10 
