# step Fx Fy Fz Vx Vy Vz Dx Dy Dz 
0 0 0 0 0 0 -1e-07 0 0 -1.18799e-12 
1 0 0 0 0 0 -1e-07 0 0 -2.37599e-12 
2 0 0 0 0 0 -1e-07 0 0 -3.56398e-12 
3 0 0 0 0 0 -1e-07 0 0 -4.75198e-12 
4 0 0 0 0 0 -1e-07 0 0 -5.93997e-12 
5 0 0 0 0 0 -1e-07 0 0 -7.12796e-12 
6 0 0 0 0 0 -1e-07 0 0 -8.31596e-12 
7 0 0 0 0 0 -1e-07 0 0 -9.50395e-12 
8 0 0 0 0 0 -1e-07 0 0 -1.06919e-11 
9 0 0 0 0 0 -1e-07 0 0 -1.18799e-11 
10 0 0 0 0 0 -1e-07 0 0 -1.30679e-11 
11 0 0 0 0 0 -1e-07 0 0 -1.42559e-11 
12 0 0 0 0 0 -1e-07 0 0 -1.54439e-11 
13 0 0 0 0 0 -1e-07 0 0 -1.66319e-11 
14 0 0 0 0 0 -1e-07 0 0 -1.78199e-11 
15 0 0 0 0 0 -1e-07 0 0 -1.90079e-11 
16 0 0 0 0 0 -1e-07 0 0 -2.01959e-11 
17 0 0 0 0 0 -1e-07 0 0 -2.13839e-11 
18 0 0 0 0 0 -1e-07 0 0 -2.25719e-11 
19 0 0 0 0 0 -1e-07 0 0 -2.37599e-11 
20 0 0 0 0 0 -1e-07 0 0 -2.49479e-11 
21 0 0 0 0 0 -1e-07 0 0 -2.61359e-11 
22 0 0 0 0 0 -1e-07 0 0 -2.73239e-11 
23 2.21173e-10 2.66046e-10 -0.0165688 0 0 -1e-07 0 0 -2.85119e-11 
24 -4.01835e-11 3.23496e-10 -0.0266072 0 0 -1e-07 0 0 -2.96999e-11 
25 5.50223e-11 -1.45884e-10 -0.0231467 0 0 -1e-07 0 0 -3.08878e-11 
26 -1.56861e-11 -7.9312e-11 -0.0144856 0 0 -1e-07 0 0 -3.20758e-11 
27 4.09688e-10 -1.23255e-10 -0.056502 0 0 -1e-07 0 0 -3.32638e-11 
28 -3.7895e-12 2.17631e-11 -0.0240934 0 0 -1e-07 0 0 -3.44518e-11 
29 5.58032e-05 -6.75614e-06 -0.0263165 0 0 -1e-07 0 0 -3.56398e-11 
30 1.01091e-10 -2.58594e-10 -0.0602437 0 0 -1e-07 0 0 -3.68278e-11 
31 -0.000140831 -0.000170339 -0.0645199 0 0 -1e-07 0 0 -3.80158e-11 
32 3.7627e-05 -5.51146e-05 -0.0610679 0 0 -1e-07 0 0 -3.92038e-11 
33 7.57542e-05 -2.84973e-05 -0.0752942 0 0 -1e-07 0 0 -4.03918e-11 
34 -0.000147829 -0.000588574 -0.120301 0 0 -1e-07 0 0 -4.15798e-11 
35 9.75482e-06 -6.48807e-05 -0.0561517 0 0 -1e-07 0 0 -4.27678e-11 
36 0.0001778 -8.65819e-05 -0.169798 0 0 -1e-07 0 0 -4.39558e-11 
37 -0.000143308 -0.000353934 -0.126965 0 0 -1e-07 0 0 -4.51438e-11 
38 0.000209376 -0.000400803 -0.0653209 0 0 -1e-07 0 0 -4.63318e-11 
39 0.000375524 7.79907e-05 -0.232714 0 0 -1e-07 0 0 -4.75198e-11 
40 -7.45247e-05 -0.000372768 -0.136414 0 0 -1e-07 0 0 -4.87078e-11 
41 0.000350983 0.00011535 -0.146419 0 0 -1e-07 0 0 -4.98958e-11 
42 -0.000377913 -0.000397267 -0.183122 0 0 -1e-07 0 0 -5.10837e-11 
43 0.000278852 0.000156039 -0.224117 0 0 -1e-07 0 0 -5.22717e-11 
44 0.00019747 -0.000397848 -0.150062 0 0 -1e-07 0 0 -5.34597e-11 
45 -0.000790047 -0.000235376 -0.119349 0 0 -1e-07 0 0 -5.46477e-11 
46 -9.7223e-06 -0.00113319 -0.330654 0 0 -1e-07 0 0 -5.58357e-11 
47 0.00013564 0.00024727 -0.297791 0 0 -1e-07 0 0 -5.70237e-11 
48 -2.13222e-05 0.000769146 -0.141489 0 0 -1e-07 0 0 -5.82117e-11 
49 0.000208016 1.93129e-05 -0.315315 0 0 -1e-07 0 0 -5.93997e-11 
50 -0.000108119 -0.000131979 -0.291168 0 0 -1e-07 0 0 -6.05877e-11 
51 0.000952018 -0.000516261 -0.445573 0 0 -1e-07 0 0 -6.17757e-11 
52 -0.000437249 -0.00143022 -0.443222 0 0 -1e-07 0 0 -6.29637e-11 
53 0.000559179 -0.000463106 -0.289665 0 0 -1e-07 0 0 -6.41517e-11 
54 -0.000264485 0.000113777 -0.251779 0 0 -1e-07 0 0 -6.53397e-11 
55 0.00059559 0.000144132 -0.191916 0 0 -1e-07 0 0 -6.65277e-11 
56 -0.000421772 0.000198525 -0.269259 0 0 -1e-07 0 0 -6.77157e-11 
57 -0.000334656 -0.000759499 -0.435471 0 0 -1e-07 0 0 -6.89037e-11 
58 -0.000138652 -0.00012015 -0.420155 0 0 -1e-07 0 0 -7.00917e-11 
59 -0.000378136 0.00144767 -0.373661 0 0 -1e-07 0 0 -7.12796e-11 
60 0.00112854 -0.0019183 -0.526988 0 0 -1e-07 0 0 -7.24676e-11 
61 0.000140749 0.000273815 -0.438589 0 0 -1e-07 0 0 -7.36556e-11 
62 0.00241075 0.00160991 -0.335043 0 0 -1e-07 0 0 -7.48436e-11 
63 0.000538975 -9.58254e-05 -0.321516 0 0 -1e-07 0 0 -7.60316e-11 
64 -3.83082e-05 -0.00100974 -0.281398 0 0 -1e-07 0 0 -7.72196e-11 
65 0.00119385 0.000490151 -0.401934 0 0 -1e-07 0 0 -7.84076e-11 
66 0.000376228 0.000275079 -0.298253 0 0 -1e-07 0 0 -7.95956e-11 
67 -0.000618576 -0.000178814 -0.423705 0 0 -1e-07 0 0 -8.07836e-11 
68 -0.000236293 0.000569011 -0.337957 0 0 -1e-07 0 0 -8.19716e-11 
69 -0.000682119 6.99299e-05 -0.400544 0 0 -1e-07 0 0 -8.31596e-11 
70 0.000260298 -0.000910922 -0.453972 0 0 -1e-07 0 0 -8.43476e-11 
71 -0.000151254 0.000111886 -0.372916 0 0 -1e-07 0 0 -8.55356e-11 
72 0.000634896 0.00081409 -0.519866 0 0 -1e-07 0 0 -8.67236e-11 
73 0.00271191 0.00257993 -0.433011 0 0 -1e-07 0 0 -8.79116e-11 
74 -0.000524364 -0.000259963 -0.302856 0 0 -1e-07 0 0 -8.90996e-11 
75 -4.0137e-05 -0.00172334 -0.346827 0 0 -1e-07 0 0 -9.02876e-11 
76 -0.000609201 0.000941252 -0.371554 0 0 -1e-07 0 0 -9.14755e-11 
77 -0.000226536 0.000725643 -0.348739 0 0 -1e-07 0 0 -9.26635e-11 
78 0.000214774 0.000381732 -0.41456 0 0 -1e-07 0 0 -9.38515e-11 
79 -0.000306345 0.000187233 -0.247067 0 0 -1e-07 0 0 -9.50395e-11 
80 0.000498578 -0.00151339 -0.602169 0 0 -1e-07 0 0 -9.62275e-11 
81 -0.000580459 -0.00186157 -0.658938 0 0 -1e-07 0 0 -9.74155e-11 
82 5.88246e-05 -0.000692725 -0.35777 0 0 -1e-07 0 0 -9.86035e-11 
83 0.000655869 0.00118477 -0.462257 0 0 -1e-07 0 0 -9.97915e-11 
84 -0.000161863 -0.001457 -0.34504 0 0 -1e-07 0 0 -1.0098e-10 
85 5.70042e-05 -0.000807497 -0.259094 0 0 -1e-07 0 0 -1.02167e-10 
86 -0.000325805 -0.000138002 -0.292977 0 0 -1e-07 0 0 -1.03355e-10 
87 0.0011017 -0.000251985 -0.471748 0 0 -1e-07 0 0 -1.04543e-10 
88 -0.000995864 -7.8785e-05 -0.346895 0 0 -1e-07 0 0 -1.05731e-10 
89 -0.000280231 0.00402177 -0.400577 0 0 -1e-07 0 0 -1.06919e-10 
90 0.00115089 -0.000711286 -0.473557 0 0 -1e-07 0 0 -1.08107e-10 
91 0.000770692 -7.10933e-05 -0.388821 0 0 -1e-07 0 0 -1.09295e-10 
92 0.000332453 0.000288882 -0.253358 0 0 -1e-07 0 0 -1.10483e-10 
93 -0.00166251 0.000544854 -0.351529 0 0 -1e-07 0 0 -1.11671e-10 
94 -0.00247164 0.0011623 -0.360161 0 0 -1e-07 0 0 -1.12859e-10 
95 -0.00139018 -0.0017121 -0.454104 0 0 -1e-07 0 0 -1.14047e-10 
96 0.00199405 0.000299502 -0.483223 0 0 -1e-07 0 0 -1.15235e-10 
97 -0.00161075 -0.000220027 -0.443988 0 0 -1e-07 0 0 -1.16423e-10 
98 -0.000560551 0.00182911 -0.665303 0 0 -1e-07 0 0 -1.17611e-10 
99 -0.000860092 -0.0025819 -0.488243 0 0 -1e-07 0 0 -1.18799e-10 
100 0.00202712 0.00079649 -0.463107 0 0 -1e-07 0 0 -1.19987e-10 
101 -0.000927542 -0.000210862 -0.433132 0 0 -1e-07 0 0 -1.21175e-10 
102 0.000755484 0.000525716 -0.419223 0 0 -1e-07 0 0 -1.22363e-10 
103 -0.000174213 0.00132925 -0.186303 0 0 -1e-07 0 0 -1.23551e-10 
104 8.94172e-05 -0.000737169 -0.283302 0 0 -1e-07 0 0 -1.24739e-10 
105 -0.00122189 -0.000425208 -0.293955 0 0 -1e-07 0 0 -1.25927e-10 
106 0.000238124 0.00438515 -0.482479 0 0 -1e-07 0 0 -1.27115e-10 
107 0.00194254 0.00232646 -0.386414 0 0 -1e-07 0 0 -1.28303e-10 
108 0.00128638 0.000255814 -0.559487 0 0 -1e-07 0 0 -1.29491e-10 
109 0.00141439 0.00349267 -0.537131 0 0 -1e-07 0 0 -1.30679e-10 
110 -0.000921123 -0.00379456 -0.610567 0 0 -1e-07 0 0 -1.31867e-10 
111 -0.000809809 0.00108644 -0.39779 0 0 -1e-07 0 0 -1.33055e-10 
112 -0.00184719 0.00316225 -0.445736 0 0 -1e-07 0 0 -1.34243e-10 
113 0.00101176 0.000926848 -0.417354 0 0 -1e-07 0 0 -1.35431e-10 
114 0.000341143 -0.00145906 -0.428466 0 0 -1e-07 0 0 -1.36619e-10 
115 0.00238112 -0.000460293 -0.404739 0 0 -1e-07 0 0 -1.37807e-10 
116 -0.000613947 0.000446891 -0.335238 0 0 -1e-07 0 0 -1.38995e-10 
117 0.000329461 -0.00136081 -0.45775 0 0 -1e-07 0 0 -1.40183e-10 
118 0.00118792 0.00181261 -0.38356 0 0 -1e-07 0 0 -1.41371e-10 
119 0.00218813 0.0012113 -0.476987 0 0 -1e-07 0 0 -1.42559e-10 
120 0.000198637 0.000705764 -0.457501 0 0 -1e-07 0 0 -1.43747e-10 
121 -0.00185142 0.00206298 -0.510695 0 0 -1e-07 0 0 -1.44935e-10 
122 0.00161792 5.05457e-05 -0.530724 0 0 -1e-07 0 0 -1.46123e-10 
123 -0.00217759 -0.00198439 -0.441666 0 0 -1e-07 0 0 -1.47311e-10 
124 -0.000261641 -0.000913059 -0.413113 0 0 -1e-07 0 0 -1.48499e-10 
125 0.00207485 -0.000366018 -0.339507 0 0 -1e-07 0 0 -1.49687e-10 
126 -7.30341e-05 -0.00213593 -0.467085 0 0 -1e-07 0 0 -1.50875e-10 
127 -0.00281696 -0.0007724 -0.446541 0 0 -1e-07 0 0 -1.52063e-10 
128 -0.00244017 0.00201994 -0.385987 0 0 -1e-07 0 0 -1.53251e-10 
129 0.000318009 0.00183284 -0.373012 0 0 -1e-07 0 0 -1.54439e-10 
130 -0.00115108 -0.00133186 -0.325974 0 0 -1e-07 0 0 -1.55627e-10 
131 0.00174146 -0.000451688 -0.521 0 0 -1e-07 0 0 -1.56815e-10 
132 0.00112723 0.000211147 -0.678714 0 0 -1e-07 0 0 -1.58003e-10 
133 0.00189215 -0.00166774 -0.389064 0 0 -1e-07 0 0 -1.59191e-10 
134 0.00141742 -0.00107352 -0.241172 0 0 -1e-07 0 0 -1.60379e-10 
135 -0.000658468 0.00532685 -0.313726 0 0 -1e-07 0 0 -1.61567e-10 
136 -0.000952719 -0.000773849 -0.467679 0 0 -1e-07 0 0 -1.62755e-10 
137 0.00155441 0.000447574 -0.434223 0 0 -1e-07 0 0 -1.63943e-10 
138 0.00497375 0.00174387 -0.52066 0 0 -1e-07 0 0 -1.65131e-10 
139 0.00192689 0.000295929 -0.419326 0 0 -1e-07 0 0 -1.66319e-10 
140 0.000773041 -0.00420422 -0.54317 0 0 -1e-07 0 0 -1.67507e-10 
141 0.00184005 0.00220827 -0.478937 0 0 -1e-07 0 0 -1.68695e-10 
142 -0.000536172 0.000292938 -0.443807 0 0 -1e-07 0 0 -1.69883e-10 
143 -0.00296561 0.00237732 -0.497307 0 0 -1e-07 0 0 -1.71071e-10 
144 -0.00251505 -0.000987809 -0.36993 0 0 -1e-07 0 0 -1.72259e-10 
145 -0.0027406 -0.000887279 -0.333253 0 0 -1e-07 0 0 -1.73447e-10 
146 -0.00109212 -0.00131896 -0.454184 0 0 -1e-07 0 0 -1.74635e-10 
147 -0.00162293 -0.00113682 -0.611314 0 0 -1e-07 0 0 -1.75823e-10 
148 0.00103389 -0.0001779 -0.57354 0 0 -1e-07 0 0 -1.77011e-10 
149 0.000231132 0.00252091 -0.456277 0 0 -1e-07 0 0 -1.78199e-10 
150 -0.000478829 0.00274161 -0.509067 0 0 -1e-07 0 0 -1.79387e-10 
151 -0.00116815 0.000957367 -0.39801 0 0 -1e-07 0 0 -1.80575e-10 
152 0.00137069 -0.00109618 -0.234254 0 0 -1e-07 0 0 -1.81763e-10 
153 -0.000533976 0.000588651 -0.389662 0 0 -1e-07 0 0 -1.82951e-10 
154 -0.00160082 -0.00174325 -0.514754 0 0 -1e-07 0 0 -1.84139e-10 
155 -0.00173907 0.00136024 -0.417953 0 0 -1e-07 0 0 -1.85327e-10 
156 0.000733703 0.00133065 -0.324365 0 0 -1e-07 0 0 -1.86515e-10 
157 -0.00131772 -0.000701293 -0.486468 0 0 -1e-07 0 0 -1.87703e-10 
158 -0.00235141 6.33789e-06 -0.674483 0 0 -1e-07 0 0 -1.88891e-10 
159 -0.00296224 -0.0047782 -0.499629 0 0 -1e-07 0 0 -1.90079e-10 
160 -0.00014093 0.000982754 -0.337193 0 0 -1e-07 0 0 -1.91267e-10 
161 0.000120937 -0.000469556 -0.49222 0 0 -1e-07 0 0 -1.92455e-10 
162 -0.000426211 -0.000259028 -0.479636 0 0 -1e-07 0 0 -1.93643e-10 
163 -0.000965347 0.00107689 -0.559963 0 0 -1e-07 0 0 -1.94831e-10 
164 -0.00121929 -0.000119558 -0.519226 0 0 -1e-07 0 0 -1.96019e-10 
165 -0.000640279 -0.00127043 -0.384867 0 0 -1e-07 0 0 -1.97207e-10 
166 0.000944538 0.00190273 -0.589606 0 0 -1e-07 0 0 -1.98395e-10 
167 0.00194578 0.00337246 -0.338803 0 0 -1e-07 0 0 -1.99583e-10 
168 0.000260232 -0.00145502 -0.326232 0 0 -1e-07 0 0 -2.00771e-10 
169 -0.000566018 -0.00143433 -0.461919 0 0 -1e-07 0 0 -2.01959e-10 
170 -0.00411182 0.000787881 -0.438993 0 0 -1e-07 0 0 -2.03147e-10 
171 -0.00133156 0.00137044 -0.492319 0 0 -1e-07 0 0 -2.04335e-10 
172 -0.00122894 0.00186967 -0.522997 0 0 -1e-07 0 0 -2.05523e-10 
173 -0.000672411 0.00169504 -0.403729 0 0 -1e-07 0 0 -2.06711e-10 
174 -0.00298478 -0.000633698 -0.614922 0 0 -1e-07 0 0 -2.07899e-10 
175 -0.00167503 -0.00054454 -0.553304 0 0 -1e-07 0 0 -2.09087e-10 
176 -0.00135158 0.00163673 -0.356372 0 0 -1e-07 0 0 -2.10275e-10 
177 0.00270847 1.15459e-05 -0.295735 0 0 -1e-07 0 0 -2.11463e-10 
178 0.000587976 -0.00298717 -0.674389 0 0 -1e-07 0 0 -2.12651e-10 
179 0.00248942 0.00431705 -0.680094 0 0 -1e-07 0 0 -2.13839e-10 
180 0.000118552 0.000993096 -0.497538 0 0 -1e-07 0 0 -2.15027e-10 
181 0.00450272 0.000551081 -0.424708 0 0 -1e-07 0 0 -2.16215e-10 
182 0.00126048 0.00158277 -0.475982 0 0 -1e-07 0 0 -2.17403e-10 
183 0.00156857 -0.00205022 -0.398017 0 0 -1e-07 0 0 -2.18591e-10 
184 0.00160793 0.00070944 -0.241938 0 0 -1e-07 0 0 -2.19779e-10 
185 0.000739579 -3.70935e-05 -0.32354 0 0 -1e-07 0 0 -2.20967e-10 
186 -0.00122372 -0.00113444 -0.512759 0 0 -1e-07 0 0 -2.22155e-10 
187 0.00165803 0.00323874 -0.351639 0 0 -1e-07 0 0 -2.23343e-10 
188 0.000120434 0.00332106 -0.627555 0 0 -1e-07 0 0 -2.24531e-10 
189 0.000685548 -0.00160528 -0.709612 0 0 -1e-07 0 0 -2.25719e-10 
190 -0.00216833 0.00306738 -0.603984 0 0 -1e-07 0 0 -2.26907e-10 
191 0.000712221 -0.000880745 -0.446305 0 0 -1e-07 0 0 -2.28095e-10 
192 -0.000105735 -0.000933467 -0.419927 0 0 -1e-07 0 0 -2.29283e-10 
193 -0.00113411 -0.00358892 -0.405218 0 0 -1e-07 0 0 -2.30471e-10 
194 -0.00171323 -0.00111882 -0.430936 0 0 -1e-07 0 0 -2.31659e-10 
195 0.000691367 0.00081739 -0.419429 0 0 -1e-07 0 0 -2.32847e-10 
196 -0.000202088 0.00189842 -0.412555 0 0 -1e-07 0 0 -2.34035e-10 
197 0.000263447 -0.00182494 -0.508169 0 0 -1e-07 0 0 -2.35223e-10 
198 -0.000365941 -0.00171456 -0.623245 0 0 -1e-07 0 0 -2.36411e-10 
199 0.0012305 -0.00210268 -0.429591 0 0 -1e-07 0 0 -2.37599e-10 
200 -0.00172364 -0.00122869 -0.271345 0 0 -1e-07 0 0 -2.38787e-10 
