# step Fx Fy Fz Vx Vy Vz Dx Dy Dz 
0 0 0 0 0 0 -1e-07 0 0 -3.069e-12 
1 0 0 0 0 0 -1e-07 0 0 -6.13801e-12 
2 0 0 0 0 0 -1e-07 0 0 -9.20701e-12 
3 0 0 0 0 0 -1e-07 0 0 -1.2276e-11 
4 0 0 0 0 0 -1e-07 0 0 -1.5345e-11 
5 0 0 0 0 0 -1e-07 0 0 -1.8414e-11 
6 0 0 0 0 0 -1e-07 0 0 -2.1483e-11 
7 0 0 0 0 0 -1e-07 0 0 -2.4552e-11 
8 0 0 0 0 0 -1e-07 0 0 -2.7621e-11 
9 1.34736e-12 5.39372e-13 -0.00314043 0 0 -1e-07 0 0 -3.069e-11 
10 4.63976e-12 -1.35923e-11 -0.0125533 0 0 -1e-07 0 0 -3.3759e-11 
11 -9.49761e-13 1.51065e-11 -0.0157348 0 0 -1e-07 0 0 -3.6828e-11 
12 -1.51976e-11 2.96458e-12 -0.0222358 0 0 -1e-07 0 0 -3.9897e-11 
13 2.7419e-05 4.10177e-05 -0.0204741 0 0 -1e-07 0 0 -4.2966e-11 
14 -3.83447e-05 -7.99915e-05 -0.0541473 0 0 -1e-07 0 0 -4.60351e-11 
15 1.55795e-05 -4.91018e-05 -0.0271184 0 0 -1e-07 0 0 -4.91041e-11 
16 4.11734e-05 -3.78335e-06 -0.0495505 0 0 -1e-07 0 0 -5.21731e-11 
17 1.37606e-05 4.21868e-05 -0.063721 0 0 -1e-07 0 0 -5.52421e-11 
18 3.16915e-05 -0.00012378 -0.0921481 0 0 -1e-07 0 0 -5.83111e-11 
19 -7.66267e-06 -7.66734e-05 -0.0790648 0 0 -1e-07 0 0 -6.13801e-11 
20 2.32424e-05 3.15895e-05 -0.0830507 0 0 -1e-07 0 0 -6.44491e-11 
21 9.29482e-05 -0.000142914 -0.097571 0 0 -1e-07 0 0 -6.75181e-11 
22 -9.15017e-05 -4.49509e-05 -0.0897041 0 0 -1e-07 0 0 -7.05871e-11 
23 9.89794e-05 0.000128701 -0.0795327 0 0 -1e-07 0 0 -7.36561e-11 
24 0.000108837 0.000125766 -0.0897209 0 0 -1e-07 0 0 -7.67251e-11 
25 3.17155e-05 5.81305e-05 -0.0976241 0 0 -1e-07 0 0 -7.97941e-11 
26 -7.18587e-05 0.000149031 -0.105319 0 0 -1e-07 0 0 -8.28631e-11 
27 1.18429e-05 -2.77077e-05 -0.110644 0 0 -1e-07 0 0 -8.59321e-11 
28 -0.000107203 0.000221146 -0.130041 0 0 -1e-07 0 0 -8.90011e-11 
29 1.22656e-05 0.000172574 -0.109882 0 0 -1e-07 0 0 -9.20701e-11 
30 -4.87146e-05 3.33788e-05 -0.110302 0 0 -1e-07 0 0 -9.51391e-11 
31 0.0003209 0.000204532 -0.0867886 0 0 -1e-07 0 0 -9.82081e-11 
32 -6.22778e-05 -2.41239e-05 -0.106446 0 0 -1e-07 0 0 -1.01277e-10 
33 3.95237e-05 -9.10016e-05 -0.14285 0 0 -1e-07 0 0 -1.04346e-10 
34 3.42654e-05 0.000235158 -0.108122 0 0 -1e-07 0 0 -1.07415e-10 
35 3.46586e-05 -0.000130769 -0.0788531 0 0 -1e-07 0 0 -1.10484e-10 
36 5.45764e-05 0.000226335 -0.0908662 0 0 -1e-07 0 0 -1.13553e-10 
37 -9.92049e-05 1.68947e-05 -0.0902694 0 0 -1e-07 0 0 -1.16622e-10 
38 -0.00026025 0.000116678 -0.0729021 0 0 -1e-07 0 0 -1.19691e-10 
39 6.32933e-05 0.000357723 -0.127464 0 0 -1e-07 0 0 -1.2276e-10 
40 0.000503924 -0.000290688 -0.109511 0 0 -1e-07 0 0 -1.25829e-10 
41 -0.000316816 -0.000352341 -0.0884287 0 0 -1e-07 0 0 -1.28898e-10 
42 0.000296326 -6.82749e-05 -0.130156 0 0 -1e-07 0 0 -1.31967e-10 
43 9.85097e-05 -0.000208031 -0.145265 0 0 -1e-07 0 0 -1.35036e-10 
44 -0.00019337 -1.4016e-05 -0.103604 0 0 -1e-07 0 0 -1.38105e-10 
45 -0.000559851 7.27588e-05 -0.092177 0 0 -1e-07 0 0 -1.41174e-10 
46 -0.000582671 5.70383e-06 -0.0974068 0 0 -1e-07 0 0 -1.44243e-10 
47 0.000127815 0.00033124 -0.122305 0 0 -1e-07 0 0 -1.47312e-10 
48 4.45967e-05 -0.000261536 -0.0908117 0 0 -1e-07 0 0 -1.50381e-10 
49 -0.000178599 0.000275992 -0.116469 0 0 -1e-07 0 0 -1.5345e-10 
50 5.24569e-05 -7.86048e-05 -0.0730834 0 0 -1e-07 0 0 -1.56519e-10 
51 0.000133572 8.92686e-06 -0.142152 0 0 -1e-07 0 0 -1.59588e-10 
52 -0.000292238 -0.000865398 -0.108896 0 0 -1e-07 0 0 -1.62657e-10 
53 -9.44715e-05 -7.49778e-05 -0.0726971 0 0 -1e-07 0 0 -1.65726e-10 
54 -0.000224986 -0.000169528 -0.147951 0 0 -1e-07 0 0 -1.68795e-10 
55 0.000381504 0.000232603 -0.100823 0 0 -1e-07 0 0 -1.71864e-10 
56 0.000408716 -2.84698e-05 -0.104846 0 0 -1e-07 0 0 -1.74933e-10 
57 2.17007e-05 -0.000165989 -0.105558 0 0 -1e-07 0 0 -1.78002e-10 
58 1.04392e-05 -5.86988e-06 -0.0706809 0 0 -1e-07 0 0 -1.81071e-10 
59 1.50494e-05 0.000182111 -0.101316 0 0 -1e-07 0 0 -1.8414e-10 
60 -0.000134386 -0.000168569 -0.104633 0 0 -1e-07 0 0 -1.87209e-10 
61 8.71352e-05 0.0002111 -0.092793 0 0 -1e-07 0 0 -1.90278e-10 
62 -0.000290253 7.99835e-05 -0.148254 0 0 -1e-07 0 0 -1.93347e-10 
63 0.000180469 0.000280618 -0.146103 0 0 -1e-07 0 0 -1.96416e-10 
64 3.03947e-05 -0.000374764 -0.104972 0 0 -1e-07 0 0 -1.99485e-10 
65 1.02183e-05 -0.000125058 -0.110805 0 0 -1e-07 0 0 -2.02554e-10 
66 -0.000340653 0.000582943 -0.0955406 0 0 -1e-07 0 0 -2.05623e-10 
67 5.87567e-05 0.000829443 -0.117656 0 0 -1e-07 0 0 -2.08692e-10 
68 0.000355924 1.85441e-05 -0.0972372 0 0 -1e-07 0 0 -2.11761e-10 
69 0.000233102 8.95122e-06 -0.0880615 0 0 -1e-07 0 0 -2.1483e-10 
70 -0.000281252 -0.000648781 -0.121525 0 0 -1e-07 0 0 -2.17899e-10 
71 8.87026e-05 0.00044439 -0.0875995 0 0 -1e-07 0 0 -2.20968e-10 
72 -8.38271e-05 0.00035796 -0.105989 0 0 -1e-07 0 0 -2.24037e-10 
73 -0.000142706 -0.000183035 -0.102119 0 0 -1e-07 0 0 -2.27106e-10 
74 -6.30587e-05 3.7573e-05 -0.130586 0 0 -1e-07 0 0 -2.30175e-10 
75 0.000101954 0.000460254 -0.150029 0 0 -1e-07 0 0 -2.33244e-10 
76 0.000609106 -0.00014535 -0.0785187 0 0 -1e-07 0 0 -2.36313e-10 
77 -0.000189445 -7.12681e-05 -0.13398 0 0 -1e-07 0 0 -2.39382e-10 
78 6.34443e-05 -7.47853e-05 -0.149186 0 0 -1e-07 0 0 -2.42451e-10 
79 -0.00026833 -0.000297014 -0.091608 0 0 -1e-07 0 0 -2.4552e-10 
80 -0.000589159 -0.0005124 -0.109839 0 0 -1e-07 0 0 -2.48589e-10 
81 0.000151315 0.000121689 -0.0639374 0 0 -1e-07 0 0 -2.51658e-10 
82 -0.00019164 0.000350345 -0.0678077 0 0 -1e-07 0 0 -2.54727e-10 
83 2.08158e-05 7.21418e-05 -0.101222 0 0 -1e-07 0 0 -2.57796e-10 
84 0.000328413 -0.000880623 -0.176085 0 0 -1e-07 0 0 -2.60865e-10 
85 -0.000520485 -0.000238106 -0.14016 0 0 -1e-07 0 0 -2.63934e-10 
86 3.95491e-05 0.000228596 -0.145961 0 0 -1e-07 0 0 -2.67003e-10 
87 0.000207487 0.00042237 -0.10659 0 0 -1e-07 0 0 -2.70072e-10 
88 0.000200552 -0.000197103 -0.115799 0 0 -1e-07 0 0 -2.73141e-10 
89 0.00039945 2.83823e-05 -0.0941718 0 0 -1e-07 0 0 -2.7621e-10 
90 0.000163718 -7.21286e-05 -0.0600657 0 0 -1e-07 0 0 -2.79279e-10 
91 -0.000288242 0.000313038 -0.108842 0 0 -1e-07 0 0 -2.82348e-10 
92 -0.000808795 -0.000356553 -0.111754 0 0 -1e-07 0 0 -2.85417e-10 
93 0.00011795 0.00021211 -0.115302 0 0 -1e-07 0 0 -2.88486e-10 
94 0.000380774 7.85164e-06 -0.130414 0 0 -1e-07 0 0 -2.91555e-10 
95 0.000432012 0.000309892 -0.0770169 0 0 -1e-07 0 0 -2.94624e-10 
96 0.00012264 0.000163466 -0.0770777 0 0 -1e-07 0 0 -2.97693e-10 
97 -0.000233428 2.74661e-05 -0.0756226 0 0 -1e-07 0 0 -3.00762e-10 
98 0.000677578 -8.89475e-05 -0.0974431 0 0 -1e-07 0 0 -3.03831e-10 
99 -0.000105189 -0.000310298 -0.131813 0 0 -1e-07 0 0 -3.069e-10 
100 -0.000961539 -0.00088001 -0.166089 0 0 -1e-07 0 0 -3.09969e-10 
101 -0.000342014 -0.000431763 -0.130494 0 0 -1e-07 0 0 -3.13038e-10 
102 -0.000142748 0.00023765 -0.10171 0 0 -1e-07 0 0 -3.16107e-10 
103 -0.000434095 0.000174603 -0.123853 0 0 -1e-07 0 0 -3.19176e-10 
104 -4.87978e-05 5.99159e-05 -0.12528 0 0 -1e-07 0 0 -3.22245e-10 
105 0.00084031 -0.000193158 -0.108612 0 0 -1e-07 0 0 -3.25314e-10 
106 -0.00022079 0.000340128 -0.0884454 0 0 -1e-07 0 0 -3.28383e-10 
107 0.000652427 0.000301138 -0.0672016 0 0 -1e-07 0 0 -3.31452e-10 
108 -0.000722408 -0.000444254 -0.102435 0 0 -1e-07 0 0 -3.34521e-10 
109 -0.000243852 -0.00038644 -0.117257 0 0 -1e-07 0 0 -3.3759e-10 
110 -0.000233604 0.000296566 -0.137779 0 0 -1e-07 0 0 -3.40659e-10 
111 0.00031866 8.15967e-05 -0.109693 0 0 -1e-07 0 0 -3.43728e-10 
112 -0.000126743 -0.000332191 -0.0796849 0 0 -1e-07 0 0 -3.46797e-10 
113 -7.45322e-05 0.000171849 -0.0904856 0 0 -1e-07 0 0 -3.49866e-10 
114 -5.47665e-05 -3.38777e-05 -0.0958905 0 0 -1e-07 0 0 -3.52935e-10 
115 -0.000485628 0.000128983 -0.13318 0 0 -1e-07 0 0 -3.56004e-10 
116 0.00060582 -0.000175157 -0.0957774 0 0 -1e-07 0 0 -3.59073e-10 
117 6.79265e-05 -2.25397e-05 -0.111859 0 0 -1e-07 0 0 -3.62142e-10 
118 -0.000801225 -0.000286919 -0.122042 0 0 -1e-07 0 0 -3.65211e-10 
119 0.000355485 0.000909914 -0.155166 0 0 -1e-07 0 0 -3.6828e-10 
120 0.000626591 -0.000598616 -0.139169 0 0 -1e-07 0 0 -3.71349e-10 
121 0.000260404 -0.0013126 -0.128048 0 0 -1e-07 0 0 -3.74418e-10 
122 0.000191059 0.000106533 -0.0999044 0 0 -1e-07 0 0 -3.77487e-10 
123 -0.000177189 -0.000262984 -0.0943726 0 0 -1e-07 0 0 -3.80556e-10 
124 1.8481e-05 7.14858e-05 -0.0862576 0 0 -1e-07 0 0 -3.83625e-10 
125 0.000103078 0.000260306 -0.0568155 0 0 -1e-07 0 0 -3.86694e-10 
126 -0.000755171 0.000549503 -0.152345 0 0 -1e-07 0 0 -3.89763e-10 
127 -0.000427088 -6.35402e-05 -0.0976766 0 0 -1e-07 0 0 -3.92832e-10 
128 -0.000223918 -4.18698e-05 -0.0804155 0 0 -1e-07 0 0 -3.95901e-10 
129 -0.000352186 0.000743337 -0.0816009 0 0 -1e-07 0 0 -3.9897e-10 
130 -9.37903e-05 0.000130895 -0.10688 0 0 -1e-07 0 0 -4.02039e-10 
131 -0.000725235 1.30142e-05 -0.13729 0 0 -1e-07 0 0 -4.05108e-10 
132 0.000264036 3.27988e-05 -0.07739 0 0 -1e-07 0 0 -4.08177e-10 
133 -5.9856e-05 0.000172482 -0.113202 0 0 -1e-07 0 0 -4.11246e-10 
134 -0.000274402 0.000202324 -0.127484 0 0 -1e-07 0 0 -4.14315e-10 
135 0.000462211 7.44281e-05 -0.150875 0 0 -1e-07 0 0 -4.17384e-10 
136 6.77261e-05 -0.000457603 -0.144437 0 0 -1e-07 0 0 -4.20453e-10 
137 -0.000253872 -0.000276389 -0.0977782 0 0 -1e-07 0 0 -4.23522e-10 
138 -0.000358672 1.15399e-05 -0.149343 0 0 -1e-07 0 0 -4.26591e-10 
139 6.97538e-06 -4.48629e-05 -0.115655 0 0 -1e-07 0 0 -4.2966e-10 
140 0.000117474 -0.000301785 -0.113236 0 0 -1e-07 0 0 -4.32729e-10 
141 0.000530879 -0.000503246 -0.0987086 0 0 -1e-07 0 0 -4.35798e-10 
142 0.000710014 0.000145095 -0.118836 0 0 -1e-07 0 0 -4.38867e-10 
143 -0.000134756 0.000616424 -0.171096 0 0 -1e-07 0 0 -4.41936e-10 
144 -0.000372474 -0.000196921 -0.0754157 0 0 -1e-07 0 0 -4.45005e-10 
145 -0.000369859 -2.83097e-05 -0.0930547 0 0 -1e-07 0 0 -4.48074e-10 
146 0.000199924 -0.000215915 -0.111889 0 0 -1e-07 0 0 -4.51143e-10 
147 -0.000420287 -0.000349716 -0.126482 0 0 -1e-07 0 0 -4.54213e-10 
148 0.000821042 -0.000753426 -0.102126 0 0 -1e-07 0 0 -4.57282e-10 
149 -0.000152242 0.000168152 -0.0841261 0 0 -1e-07 0 0 -4.60351e-10 
150 0.000200286 7.70973e-05 -0.0896069 0 0 -1e-07 0 0 -4.6342e-10 
151 0.000193639 0.000381633 -0.175714 0 0 -1e-07 0 0 -4.66489e-10 
152 0.000187086 -0.000326979 -0.155534 0 0 -1e-07 0 0 -4.69558e-10 
153 -0.000735415 -0.000119217 -0.120373 0 0 -1e-07 0 0 -4.72627e-10 
154 -0.000364254 -0.000535012 -0.107659 0 0 -1e-07 0 0 -4.75696e-10 
155 0.000494333 0.000675628 -0.0977129 0 0 -1e-07 0 0 -4.78765e-10 
156 0.000195848 0.000277305 -0.143779 0 0 -1e-07 0 0 -4.81834e-10 
157 0.000108857 -0.000107044 -0.113655 0 0 -1e-07 0 0 -4.84903e-10 
158 -0.000122552 0.000570088 -0.100074 0 0 -1e-07 0 0 -4.87972e-10 
159 -0.000199716 0.000831378 -0.13484 0 0 -1e-07 0 0 -4.91041e-10 
160 0.000637319 -0.000304937 -0.0799186 0 0 -1e-07 0 0 -4.9411e-10 
161 -0.000458566 -0.000481334 -0.161369 0 0 -1e-07 0 0 -4.97179e-10 
162 0.0005087 -0.000217459 -0.140367 0 0 -1e-07 0 0 -5.00248e-10 
163 -2.30791e-05 -0.000945435 -0.119444 0 0 -1e-07 0 0 -5.03317e-10 
164 0.000136281 -0.00016642 -0.115849 0 0 -1e-07 0 0 -5.06386e-10 
165 -7.86636e-05 -0.000648211 -0.108828 0 0 -1e-07 0 0 -5.09455e-10 
166 0.000230297 -0.00013783 -0.145201 0 0 -1e-07 0 0 -5.12524e-10 
167 1.21812e-05 -0.000408638 -0.162026 0 0 -1e-07 0 0 -5.15593e-10 
168 2.30411e-05 -0.000111903 -0.0861094 0 0 -1e-07 0 0 -5.18662e-10 
169 -0.00032106 -6.50316e-05 -0.113968 0 0 -1e-07 0 0 -5.21731e-10 
170 -0.000222966 0.000396951 -0.0926056 0 0 -1e-07 0 0 -5.248e-10 
171 0.000151708 -5.78658e-05 -0.099073 0 0 -1e-07 0 0 -5.27869e-10 
172 -0.000278552 -0.000137135 -0.139414 0 0 -1e-07 0 0 -5.30938e-10 
173 0.000190122 -0.00061218 -0.0928049 0 0 -1e-07 0 0 -5.34007e-10 
174 -0.000219658 -0.000193289 -0.117654 0 0 -1e-07 0 0 -5.37076e-10 
175 -5.18185e-05 0.000132122 -0.112357 0 0 -1e-07 0 0 -5.40145e-10 
176 0.000112825 0.000834858 -0.17503 0 0 -1e-07 0 0 -5.43214e-10 
177 -0.000659696 4.61373e-05 -0.157524 0 0 -1e-07 0 0 -5.46283e-10 
178 -0.000149756 -0.000773058 -0.0924794 0 0 -1e-07 0 0 -5.49352e-10 
179 -0.000126783 -0.000128825 -0.0824868 0 0 -1e-07 0 0 -5.52421e-10 
180 -4.47302e-05 -5.83485e-05 -0.0815571 0 0 -1e-07 0 0 -5.5549e-10 
181 8.53678e-05 -0.000259009 -0.125605 0 0 -1e-07 0 0 -5.58559e-10 
182 0.000221213 -0.00120393 -0.160484 0 0 -1e-07 0 0 -5.61628e-10 
183 0.00119671 0.000178578 -0.156037 0 0 -1e-07 0 0 -5.64697e-10 
184 0.000723766 -0.000432053 -0.116462 0 0 -1e-07 0 0 -5.67766e-10 
185 -0.000150121 -5.48914e-05 -0.105917 0 0 -1e-07 0 0 -5.70835e-10 
186 8.93872e-05 -0.00011924 -0.0809855 0 0 -1e-07 0 0 -5.73904e-10 
187 0.000234548 -0.000497116 -0.116015 0 0 -1e-07 0 0 -5.76973e-10 
188 0.000313093 3.93672e-05 -0.142386 0 0 -1e-07 0 0 -5.80042e-10 
189 0.000380159 2.04577e-05 -0.126434 0 0 -1e-07 0 0 -5.83111e-10 
190 8.48458e-05 -0.000576162 -0.14841 0 0 -1e-07 0 0 -5.8618e-10 
191 -0.000528419 -0.000222446 -0.132807 0 0 -1e-07 0 0 -5.89249e-10 
192 -0.000407206 0.000457111 -0.130651 0 0 -1e-07 0 0 -5.92318e-10 
193 0.000422782 7.31074e-05 -0.122403 0 0 -1e-07 0 0 -5.95387e-10 
194 0.000188951 4.91738e-05 -0.100182 0 0 -1e-07 0 0 -5.98456e-10 
195 0.000229563 -0.000370884 -0.0956725 0 0 -1e-07 0 0 -6.01525e-10 
196 0.000104791 -4.44139e-05 -0.119202 0 0 -1e-07 0 0 -6.04594e-10 
197 0.000488037 0.000561088 -0.14501 0 0 -1e-07 0 0 -6.07663e-10 
198 -0.00042602 0.000779385 -0.177208 0 0 -1e-07 0 0 -6.10732e-10 
199 -0.00059509 0.00017295 -0.131675 0 0 -1e-07 0 0 -6.13801e-10 
200 -0.000444093 0.000682502 -0.144893 0 0 -1e-07 0 0 -6.1687e-10 
