# step Fx Fy Fz Vx Vy Vz Dx Dy Dz 
0 0 0 0 0 0 -1e-07 0 0 -9.9e-13 
1 0 0 0 0 0 -1e-07 0 0 -1.98e-12 
2 0 0 0 0 0 -1e-07 0 0 -2.97e-12 
3 0 0 0 0 0 -1e-07 0 0 -3.96e-12 
4 0 0 0 0 0 -1e-07 0 0 -4.95e-12 
5 0 0 0 0 0 -1e-07 0 0 -5.94e-12 
6 0 0 0 0 0 -1e-07 0 0 -6.93e-12 
7 0 0 0 0 0 -1e-07 0 0 -7.92e-12 
8 0 0 0 0 0 -1e-07 0 0 -8.91e-12 
9 0 0 0 0 0 -1e-07 0 0 -9.9e-12 
10 0 0 0 0 0 -1e-07 0 0 -1.089e-11 
11 0 0 0 0 0 -1e-07 0 0 -1.188e-11 
12 0 0 0 0 0 -1e-07 0 0 -1.287e-11 
13 0 0 0 0 0 -1e-07 0 0 -1.386e-11 
14 0 0 0 0 0 -1e-07 0 0 -1.485e-11 
15 0 0 0 0 0 -1e-07 0 0 -1.584e-11 
16 0 0 0 0 0 -1e-07 0 0 -1.683e-11 
17 0 0 0 0 0 -1e-07 0 0 -1.782e-11 
18 0 0 0 0 0 -1e-07 0 0 -1.881e-11 
19 0 0 0 0 0 -1e-07 0 0 -1.98e-11 
20 0 0 0 0 0 -1e-07 0 0 -2.079e-11 
21 0 0 0 0 0 -1e-07 0 0 -2.178e-11 
22 0 0 0 0 0 -1e-07 0 0 -2.277e-11 
23 0 0 0 0 0 -1e-07 0 0 -2.376e-11 
24 0 0 0 0 0 -1e-07 0 0 -2.475e-11 
25 0 0 0 0 0 -1e-07 0 0 -2.574e-11 
26 0 0 0 0 0 -1e-07 0 0 -2.673e-11 
27 2.40277e-10 3.39326e-11 -0.0212739 0 0 -1e-07 0 0 -2.772e-11 
28 0 0 0 0 0 -1e-07 0 0 -2.871e-11 
29 -1.49377e-11 -2.94274e-11 -0.0351646 0 0 -1e-07 0 0 -2.97e-11 
30 -3.02155e-10 -9.0321e-11 -0.0303801 0 0 -1e-07 0 0 -3.069e-11 
31 -5.35314e-11 -4.83918e-11 -0.0188905 0 0 -1e-07 0 0 -3.168e-11 
32 -3.57291e-10 1.1406e-10 -0.0318644 0 0 -1e-07 0 0 -3.267e-11 
33 8.34136e-05 8.66725e-05 -0.0607393 0 0 -1e-07 0 0 -3.366e-11 
34 -1.66411e-06 1.17415e-06 -0.0320049 0 0 -1e-07 0 0 -3.465e-11 
35 7.68956e-11 7.67993e-11 -0.0259627 0 0 -1e-07 0 0 -3.564e-11 
36 1.95939e-10 -8.12245e-11 -0.0523657 0 0 -1e-07 0 0 -3.663e-11 
37 -6.25659e-05 -0.000180411 -0.0729626 0 0 -1e-07 0 0 -3.762e-11 
38 2.39518e-05 1.45481e-05 -0.0224041 0 0 -1e-07 0 0 -3.861e-11 
39 -2.19059e-06 3.30536e-05 -0.0478572 0 0 -1e-07 0 0 -3.96e-11 
40 -6.68776e-06 0.000174426 -0.142743 0 0 -1e-07 0 0 -4.059e-11 
41 0.000109105 9.95544e-05 -0.146827 0 0 -1e-07 0 0 -4.158e-11 
42 -3.87508e-05 4.71488e-05 -0.126798 0 0 -1e-07 0 0 -4.257e-11 
43 -1.99366e-05 0.000133415 -0.123167 0 0 -1e-07 0 0 -4.356e-11 
44 0.000101963 -0.000462854 -0.164591 0 0 -1e-07 0 0 -4.455e-11 
45 -7.18798e-05 -6.46378e-05 -0.059069 0 0 -1e-07 0 0 -4.554e-11 
46 -5.754e-05 -9.35628e-05 -0.219038 0 0 -1e-07 0 0 -4.653e-11 
47 0.00053603 0.000248507 -0.230007 0 0 -1e-07 0 0 -4.752e-11 
48 0.000138091 -0.000599214 -0.142676 0 0 -1e-07 0 0 -4.851e-11 
49 0.000814216 -3.25489e-05 -0.188524 0 0 -1e-07 0 0 -4.95e-11 
50 0.000137775 -2.25143e-05 -0.132831 0 0 -1e-07 0 0 -5.049e-11 
51 0.000172554 1.95939e-05 -0.282722 0 0 -1e-07 0 0 -5.148e-11 
52 -0.00018965 -0.000196736 -0.100407 0 0 -1e-07 0 0 -5.247e-11 
53 0.000181041 -3.27986e-05 -0.0815863 0 0 -1e-07 0 0 -5.346e-11 
54 0.000199787 7.84654e-05 -0.276455 0 0 -1e-07 0 0 -5.445e-11 
55 0.00113803 0.000950244 -0.369762 0 0 -1e-07 0 0 -5.544e-11 
56 0.000399321 -0.000479016 -0.343753 0 0 -1e-07 0 0 -5.643e-11 
57 -0.000199881 0.00025146 -0.243561 0 0 -1e-07 0 0 -5.742e-11 
58 6.29015e-05 0.000226909 -0.276667 0 0 -1e-07 0 0 -5.841e-11 
59 0.000280089 0.00056398 -0.264427 0 0 -1e-07 0 0 -5.94e-11 
60 0.000189074 -0.000942202 -0.311158 0 0 -1e-07 0 0 -6.039e-11 
61 0.000182677 0.000343933 -0.484382 0 0 -1e-07 0 0 -6.138e-11 
62 -0.000911853 -0.000337818 -0.402257 0 0 -1e-07 0 0 -6.237e-11 
63 -0.000382866 0.000227752 -0.308692 0 0 -1e-07 0 0 -6.336e-11 
64 0.000257347 0.000289109 -0.366775 0 0 -1e-07 0 0 -6.435e-11 
65 -0.000377079 -0.00064028 -0.392715 0 0 -1e-07 0 0 -6.534e-11 
66 -0.000554209 -0.000335346 -0.299624 0 0 -1e-07 0 0 -6.633e-11 
67 -0.000714 -0.000157172 -0.371818 0 0 -1e-07 0 0 -6.732e-11 
68 -0.000343296 -0.00203622 -0.418308 0 0 -1e-07 0 0 -6.831e-11 
69 0.000117412 -0.000431382 -0.330868 0 0 -1e-07 0 0 -6.93e-11 
70 -0.000627614 -0.000231233 -0.348737 0 0 -1e-07 0 0 -7.029e-11 
71 -0.000752964 -3.83159e-05 -0.51481 0 0 -1e-07 0 0 -7.128e-11 
72 -0.000649903 0.000514483 -0.62585 0 0 -1e-07 0 0 -7.227e-11 
73 0.000979662 0.000322124 -0.348815 0 0 -1e-07 0 0 -7.326e-11 
74 0.000136984 -0.000961316 -0.368543 0 0 -1e-07 0 0 -7.425e-11 
75 0.000202223 -0.00104902 -0.394202 0 0 -1e-07 0 0 -7.524e-11 
76 -0.00015364 -0.0011173 -0.356339 0 0 -1e-07 0 0 -7.623e-11 
77 0.000390129 0.000379348 -0.31899 0 0 -1e-07 0 0 -7.722e-11 
78 -0.000711239 0.00028202 -0.427391 0 0 -1e-07 0 0 -7.821e-11 
79 -0.000717284 -0.000813784 -0.522485 0 0 -1e-07 0 0 -7.92e-11 
80 0.00027151 -0.00178168 -0.437607 0 0 -1e-07 0 0 -8.019e-11 
81 3.56162e-05 0.000103473 -0.424495 0 0 -1e-07 0 0 -8.118e-11 
82 0.00125005 0.00238393 -0.386069 0 0 -1e-07 0 0 -8.217e-11 
83 -0.000827519 -0.000391202 -0.238811 0 0 -1e-07 0 0 -8.316e-11 
84 0.000314924 -0.00105645 -0.366785 0 0 -1e-07 0 0 -8.415e-11 
85 0.00125452 -0.00259019 -0.41165 0 0 -1e-07 0 0 -8.514e-11 
86 -0.000761995 -0.00148763 -0.454337 0 0 -1e-07 0 0 -8.613e-11 
87 -0.000973244 0.000374105 -0.521895 0 0 -1e-07 0 0 -8.712e-11 
88 -0.00122052 0.00144358 -0.656179 0 0 -1e-07 0 0 -8.811e-11 
89 0.000344444 -0.000749845 -0.483068 0 0 -1e-07 0 0 -8.91e-11 
90 0.000191952 0.000886654 -0.274697 0 0 -1e-07 0 0 -9.009e-11 
91 0.00138987 -0.00120855 -0.434427 0 0 -1e-07 0 0 -9.108e-11 
92 0.00135828 -0.00043051 -0.386675 0 0 -1e-07 0 0 -9.207e-11 
93 0.00164767 0.00104635 -0.460259 0 0 -1e-07 0 0 -9.306e-11 
94 -0.00046764 -0.00145796 -0.368979 0 0 -1e-07 0 0 -9.405e-11 
95 -0.00200279 -0.00230725 -0.35541 0 0 -1e-07 0 0 -9.504e-11 
96 -0.000735005 0.00139321 -0.487461 0 0 -1e-07 0 0 -9.603e-11 
97 -5.7906e-05 -0.000596852 -0.36418 0 0 -1e-07 0 0 -9.702e-11 
98 -0.000659778 -0.00150187 -0.435865 0 0 -1e-07 0 0 -9.801e-11 
99 0.00308652 -0.000358667 -0.582263 0 0 -1e-07 0 0 -9.9e-11 
100 0.00107979 0.00125899 -0.42402 0 0 -1e-07 0 0 -9.999e-11 
101 0.000731458 -0.0012433 -0.261236 0 0 -1e-07 0 0 -1.0098e-10 
102 -0.00183802 -0.00127036 -0.470341 0 0 -1e-07 0 0 -1.0197e-10 
103 -0.000145827 -0.00128317 -0.382737 0 0 -1e-07 0 0 -1.0296e-10 
104 -0.00027762 0.00147594 -0.463211 0 0 -1e-07 0 0 -1.0395e-10 
105 -0.000954211 0.00163343 -0.404778 0 0 -1e-07 0 0 -1.0494e-10 
106 0.0016828 -0.000324757 -0.298864 0 0 -1e-07 0 0 -1.0593e-10 
107 0.00194264 -0.000607429 -0.298937 0 0 -1e-07 0 0 -1.0692e-10 
108 0.000363369 -0.000364203 -0.624289 0 0 -1e-07 0 0 -1.0791e-10 
109 -0.000972394 -0.00155826 -0.449732 0 0 -1e-07 0 0 -1.089e-10 
110 -0.000871067 0.00170943 -0.49761 0 0 -1e-07 0 0 -1.0989e-10 
111 -0.0023755 -0.00370682 -0.450893 0 0 -1e-07 0 0 -1.1088e-10 
112 0.000236356 -0.0013053 -0.390391 0 0 -1e-07 0 0 -1.1187e-10 
113 -0.00159792 0.00374168 -0.415584 0 0 -1e-07 0 0 -1.1286e-10 
114 -0.000553272 -0.0015804 -0.445863 0 0 -1e-07 0 0 -1.1385e-10 
115 -0.000723832 -0.00148548 -0.30223 0 0 -1e-07 0 0 -1.1484e-10 
116 0.000796212 -0.001417 -0.328823 0 0 -1e-07 0 0 -1.1583e-10 
117 0.00135798 0.000172789 -0.56319 0 0 -1e-07 0 0 -1.1682e-10 
118 -0.00292834 -0.000306266 -0.574942 0 0 -1e-07 0 0 -1.1781e-10 
119 -0.00022032 0.000275476 -0.602455 0 0 -1e-07 0 0 -1.188e-10 
120 -0.000477158 -0.00281758 -0.549463 0 0 -1e-07 0 0 -1.1979e-10 
121 0.000921831 0.00121185 -0.445196 0 0 -1e-07 0 0 -1.2078e-10 
122 0.000571979 -0.00214094 -0.390501 0 0 -1e-07 0 0 -1.2177e-10 
123 -0.000368386 -0.000791478 -0.314494 0 0 -1e-07 0 0 -1.2276e-10 
124 0.000549691 0.00191794 -0.395642 0 0 -1e-07 0 0 -1.2375e-10 
125 0.000791304 0.00348519 -0.311945 0 0 -1e-07 0 0 -1.2474e-10 
126 -0.000769377 -0.00214784 -0.460873 0 0 -1e-07 0 0 -1.2573e-10 
127 2.6781e-05 -0.00145708 -0.32649 0 0 -1e-07 0 0 -1.2672e-10 
128 0.000894552 0.00065848 -0.506354 0 0 -1e-07 0 0 -1.2771e-10 
129 -0.0010243 0.000376249 -0.414687 0 0 -1e-07 0 0 -1.287e-10 
130 -0.000771062 -0.000988797 -0.485397 0 0 -1e-07 0 0 -1.2969e-10 
131 0.000718213 0.00174799 -0.445208 0 0 -1e-07 0 0 -1.3068e-10 
132 0.00236959 0.000138232 -0.471945 0 0 -1e-07 0 0 -1.3167e-10 
133 -0.000650621 -0.000350146 -0.619793 0 0 -1e-07 0 0 -1.3266e-10 
134 -0.00209143 0.00154346 -0.518853 0 0 -1e-07 0 0 -1.3365e-10 
135 0.00165818 0.000376316 -0.554266 0 0 -1e-07 0 0 -1.3464e-10 
136 -0.000441647 -0.000340479 -0.347509 0 0 -1e-07 0 0 -1.3563e-10 
137 0.000485194 0.000963167 -0.404714 0 0 -1e-07 0 0 -1.3662e-10 
138 -0.000190382 -0.00440265 -0.439816 0 0 -1e-07 0 0 -1.3761e-10 
139 0.00195274 0.00243735 -0.473384 0 0 -1e-07 0 0 -1.386e-10 
140 -0.000320016 0.000509402 -0.383109 0 0 -1e-07 0 0 -1.3959e-10 
141 0.000580131 0.000391127 -0.375431 0 0 -1e-07 0 0 -1.4058e-10 
142 -0.00253954 0.000478356 -0.577436 0 0 -1e-07 0 0 -1.4157e-10 
143 -0.000368167 0.000504974 -0.242909 0 0 -1e-07 0 0 -1.4256e-10 
144 -0.000413003 0.000608068 -0.314803 0 0 -1e-07 0 0 -1.4355e-10 
145 -0.000385688 0.000950068 -0.448146 0 0 -1e-07 0 0 -1.4454e-10 
146 -0.000917782 0.00282918 -0.527328 0 0 -1e-07 0 0 -1.4553e-10 
147 0.000499198 0.00161819 -0.422877 0 0 -1e-07 0 0 -1.4652e-10 
148 0.000278211 -0.00121458 -0.394253 0 0 -1e-07 0 0 -1.4751e-10 
149 -0.00277923 0.000384079 -0.614137 0 0 -1e-07 0 0 -1.485e-10 
150 0.00210943 -3.44928e-05 -0.567168 0 0 -1e-07 0 0 -1.4949e-10 
151 0.000638572 0.00131333 -0.307224 0 0 -1e-07 0 0 -1.5048e-10 
152 3.90742e-05 -0.000213473 -0.480708 0 0 -1e-07 0 0 -1.5147e-10 
153 5.1286e-05 0.00236582 -0.646069 0 0 -1e-07 0 0 -1.5246e-10 
154 0.00160714 -0.00213419 -0.388016 0 0 -1e-07 0 0 -1.5345e-10 
155 0.000706177 -0.000796508 -0.455483 0 0 -1e-07 0 0 -1.5444e-10 
156 -0.00079217 -0.00327742 -0.444959 0 0 -1e-07 0 0 -1.5543e-10 
157 0.00028547 -0.00260854 -0.370508 0 0 -1e-07 0 0 -1.5642e-10 
158 -0.000759409 -0.00150264 -0.598596 0 0 -1e-07 0 0 -1.5741e-10 
159 0.00311767 0.00208336 -0.355576 0 0 -1e-07 0 0 -1.584e-10 
160 -0.000454373 0.00148239 -0.353706 0 0 -1e-07 0 0 -1.5939e-10 
161 -0.00229945 0.00111273 -0.468518 0 0 -1e-07 0 0 -1.6038e-10 
162 0.000532962 -0.00114742 -0.55663 0 0 -1e-07 0 0 -1.6137e-10 
163 -0.00151324 -0.00195278 -0.419751 0 0 -1e-07 0 0 -1.6236e-10 
164 -0.00180848 -0.000237465 -0.43116 0 0 -1e-07 0 0 -1.6335e-10 
165 0.000334133 -0.00149681 -0.441344 0 0 -1e-07 0 0 -1.6434e-10 
166 -0.00293933 -0.00241633 -0.329892 0 0 -1e-07 0 0 -1.6533e-10 
167 0.00128291 -0.000824814 -0.537307 0 0 -1e-07 0 0 -1.6632e-10 
168 0.00376968 0.000923014 -0.594315 0 0 -1e-07 0 0 -1.6731e-10 
169 0.00112543 -0.00174883 -0.551797 0 0 -1e-07 0 0 -1.683e-10 
170 -0.0025273 1.00231e-05 -0.759572 0 0 -1e-07 0 0 -1.6929e-10 
171 -0.000346342 0.00112862 -0.364271 0 0 -1e-07 0 0 -1.7028e-10 
172 -0.000262974 0.000310491 -0.432544 0 0 -1e-07 0 0 -1.7127e-10 
173 0.000278342 -0.00241062 -0.327395 0 0 -1e-07 0 0 -1.7226e-10 
174 -0.00255469 -0.00574283 -0.292793 0 0 -1e-07 0 0 -1.7325e-10 
175 -0.00192707 -0.0014371 -0.351936 0 0 -1e-07 0 0 -1.7424e-10 
176 0.00064155 -0.00182302 -0.46964 0 0 -1e-07 0 0 -1.7523e-10 
177 0.00114745 -0.000203084 -0.398261 0 0 -1e-07 0 0 -1.7622e-10 
178 0.0028951 0.00187423 -0.524685 0 0 -1e-07 0 0 -1.7721e-10 
179 -0.00221187 0.00457733 -0.408861 0 0 -1e-07 0 0 -1.782e-10 
180 0.00124732 0.00158458 -0.525454 0 0 -1e-07 0 0 -1.7919e-10 
181 -0.000972111 -0.00123212 -0.52926 0 0 -1e-07 0 0 -1.8018e-10 
182 -0.00254906 -0.00729519 -0.590981 0 0 -1e-07 0 0 -1.8117e-10 
183 -0.00019337 -0.00113555 -0.526273 0 0 -1e-07 0 0 -1.8216e-10 
184 -0.000618474 -0.00157422 -0.337237 0 0 -1e-07 0 0 -1.8315e-10 
185 0.000741221 0.0021485 -0.461841 0 0 -1e-07 0 0 -1.8414e-10 
186 0.0023938 0.00200111 -0.518481 0 0 -1e-07 0 0 -1.8513e-10 
187 0.00238612 0.00328449 -0.689875 0 0 -1e-07 0 0 -1.8612e-10 
188 -0.000962671 -0.00211915 -0.409061 0 0 -1e-07 0 0 -1.8711e-10 
189 -0.0016704 0.000977474 -0.276574 0 0 -1e-07 0 0 -1.881e-10 
190 -0.00118016 0.00127118 -0.392743 0 0 -1e-07 0 0 -1.8909e-10 
191 5.83153e-05 -0.00236183 -0.452666 0 0 -1e-07 0 0 -1.9008e-10 
192 -0.000520229 0.000251119 -0.505582 0 0 -1e-07 0 0 -1.9107e-10 
193 -0.000384443 -0.000545571 -0.476157 0 0 -1e-07 0 0 -1.9206e-10 
194 0.000252426 0.000854102 -0.617607 0 0 -1e-07 0 0 -1.9305e-10 
195 0.00156107 0.00286412 -0.610809 0 0 -1e-07 0 0 -1.9404e-10 
196 0.00202404 -9.96144e-06 -0.427383 0 0 -1e-07 0 0 -1.9503e-10 
197 0.00184035 -0.00187734 -0.480883 0 0 -1e-07 0 0 -1.9602e-10 
198 0.00193992 0.00101849 -0.480037 0 0 -1e-07 0 0 -1.9701e-10 
199 0.000872609 -0.000119671 -0.465223 0 0 -1e-07 0 0 -1.98e-10 
200 -0.000960315 -0.00432371 -0.528349 0 0 -1e-07 0 0 -1.9899e-10 
