# step Fx Fy Fz Vx Vy Vz Dx Dy Dz 
0 0 0 0 0 0 -1e-07 0 0 -1.18799e-12 
1 0 0 0 0 0 -1e-07 0 0 -2.37599e-12 
2 0 0 0 0 0 -1e-07 0 0 -3.56398e-12 
3 0 0 0 0 0 -1e-07 0 0 -4.75198e-12 
4 0 0 0 0 0 -1e-07 0 0 -5.93997e-12 
5 0 0 0 0 0 -1e-07 0 0 -7.12796e-12 
6 0 0 0 0 0 -1e-07 0 0 -8.31596e-12 
7 0 0 0 0 0 -1e-07 0 0 -9.50395e-12 
8 0 0 0 0 0 -1e-07 0 0 -1.06919e-11 
9 0 0 0 0 0 -1e-07 0 0 -1.18799e-11 
10 0 0 0 0 0 -1e-07 0 0 -1.30679e-11 
11 0 0 0 0 0 -1e-07 0 0 -1.42559e-11 
12 0 0 0 0 0 -1e-07 0 0 -1.54439e-11 
13 0 0 0 0 0 -1e-07 0 0 -1.66319e-11 
14 0 0 0 0 0 -1e-07 0 0 -1.78199e-11 
15 0 0 0 0 0 -1e-07 0 0 -1.90079e-11 
16 0 0 0 0 0 -1e-07 0 0 -2.01959e-11 
17 0 0 0 0 0 -1e-07 0 0 -2.13839e-11 
18 0 0 0 0 0 -1e-07 0 0 -2.25719e-11 
19 0 0 0 0 0 -1e-07 0 0 -2.37599e-11 
20 0 0 0 0 0 -1e-07 0 0 -2.49479e-11 
21 0 0 0 0 0 -1e-07 0 0 -2.61359e-11 
22 0 0 0 0 0 -1e-07 0 0 -2.73239e-11 
23 -4.18752e-11 -4.42878e-11 -0.0165688 0 0 -1e-07 0 0 -2.85119e-11 
24 -2.35021e-11 -4.05457e-11 -0.0266072 0 0 -1e-07 0 0 -2.96999e-11 
25 5.03001e-11 -9.18767e-11 -0.0231467 0 0 -1e-07 0 0 -3.08878e-11 
26 -5.75494e-12 2.83132e-11 -0.0144856 0 0 -1e-07 0 0 -3.20758e-11 
27 -6.46584e-12 -1.20035e-10 -0.056502 0 0 -1e-07 0 0 -3.32638e-11 
28 -1.49341e-11 -4.54362e-12 -0.0240934 0 0 -1e-07 0 0 -3.44518e-11 
29 2.29517e-06 -7.38469e-06 -0.0251229 0 0 -1e-07 0 0 -3.56398e-11 
30 -9.60756e-12 -7.48481e-11 -0.0602437 0 0 -1e-07 0 0 -3.68278e-11 
31 -1.04191e-10 2.18734e-12 -0.0315622 0 0 -1e-07 0 0 -3.80158e-11 
32 -4.22158e-05 -0.000204463 -0.0781294 0 0 -1e-07 0 0 -3.92038e-11 
33 -5.36151e-07 2.97184e-07 -0.0451882 0 0 -1e-07 0 0 -4.03918e-11 
34 -1.64437e-05 3.58482e-05 -0.114599 0 0 -1e-07 0 0 -4.15798e-11 
35 -7.07328e-07 -0.00011618 -0.0312745 0 0 -1e-07 0 0 -4.27678e-11 
36 6.78022e-05 0.000129734 -0.151593 0 0 -1e-07 0 0 -4.39558e-11 
37 -0.000157397 -0.000103013 -0.0949071 0 0 -1e-07 0 0 -4.51438e-11 
38 -9.04755e-05 -0.000272595 -0.120959 0 0 -1e-07 0 0 -4.63318e-11 
39 -5.28309e-05 -9.30136e-05 -0.156279 0 0 -1e-07 0 0 -4.75198e-11 
40 6.97152e-05 -8.9936e-05 -0.0899119 0 0 -1e-07 0 0 -4.87078e-11 
41 -8.057e-05 2.53855e-05 -0.150558 0 0 -1e-07 0 0 -4.98958e-11 
42 0.000130995 1.67845e-05 -0.305173 0 0 -1e-07 0 0 -5.10837e-11 
43 0.000390573 7.35919e-05 -0.163501 0 0 -1e-07 0 0 -5.22717e-11 
44 1.5417e-05 6.4423e-05 -0.09933 0 0 -1e-07 0 0 -5.34597e-11 
45 -0.000285143 -0.000250882 -0.166951 0 0 -1e-07 0 0 -5.46477e-11 
46 -6.14185e-05 -0.000852112 -0.190902 0 0 -1e-07 0 0 -5.58357e-11 
47 -0.000634125 0.000119886 -0.161877 0 0 -1e-07 0 0 -5.70237e-11 
48 -0.000136576 5.62014e-05 -0.276897 0 0 -1e-07 0 0 -5.82117e-11 
49 0.000350987 0.000554088 -0.32711 0 0 -1e-07 0 0 -5.93997e-11 
50 -0.000493156 -0.000593646 -0.335631 0 0 -1e-07 0 0 -6.05877e-11 
51 -7.05069e-05 -0.000408996 -0.261583 0 0 -1e-07 0 0 -6.17757e-11 
52 -0.000123088 -0.000707227 -0.185966 0 0 -1e-07 0 0 -6.29637e-11 
53 -0.000292247 -0.000671636 -0.211506 0 0 -1e-07 0 0 -6.41517e-11 
54 0.000166298 0.000211718 -0.262428 0 0 -1e-07 0 0 -6.53397e-11 
55 -0.000501919 0.00019842 -0.219135 0 0 -1e-07 0 0 -6.65277e-11 
56 0.000459557 0.000160915 -0.278991 0 0 -1e-07 0 0 -6.77157e-11 
57 0.000744692 0.000104514 -0.374242 0 0 -1e-07 0 0 -6.89037e-11 
58 -0.00150076 -0.000868501 -0.348014 0 0 -1e-07 0 0 -7.00917e-11 
59 -0.00107137 -0.000428865 -0.42765 0 0 -1e-07 0 0 -7.12796e-11 
60 0.000493008 -0.00135352 -0.408373 0 0 -1e-07 0 0 -7.24676e-11 
61 -6.9513e-05 0.00144246 -0.323499 0 0 -1e-07 0 0 -7.36556e-11 
62 -0.000469653 -0.000383737 -0.325385 0 0 -1e-07 0 0 -7.48436e-11 
63 0.000187296 -0.000358258 -0.212456 0 0 -1e-07 0 0 -7.60316e-11 
64 0.000166356 -0.000431164 -0.402558 0 0 -1e-07 0 0 -7.72196e-11 
65 -0.000268125 -0.000211516 -0.402999 0 0 -1e-07 0 0 -7.84076e-11 
66 -0.00031401 0.000491607 -0.29665 0 0 -1e-07 0 0 -7.95956e-11 
67 7.1529e-05 -0.000557255 -0.284075 0 0 -1e-07 0 0 -8.07836e-11 
68 -0.00014407 -0.000217598 -0.489411 0 0 -1e-07 0 0 -8.19716e-11 
69 -0.000599204 -0.000309466 -0.370916 0 0 -1e-07 0 0 -8.31596e-11 
70 9.24023e-05 -0.000217609 -0.293473 0 0 -1e-07 0 0 -8.43476e-11 
71 0.000488888 -0.000542206 -0.268814 0 0 -1e-07 0 0 -8.55356e-11 
72 0.000167248 -0.000131165 -0.119272 0 0 -1e-07 0 0 -8.67236e-11 
73 -0.00109916 -0.000245837 -0.377106 0 0 -1e-07 0 0 -8.79116e-11 
74 -0.000843743 0.000150668 -0.28591 0 0 -1e-07 0 0 -8.90996e-11 
75 -0.000539699 -0.000446373 -0.405627 0 0 -1e-07 0 0 -9.02876e-11 
76 -0.00100286 -0.0011966 -0.457308 0 0 -1e-07 0 0 -9.14755e-11 
77 -0.000340388 -0.000416895 -0.448364 0 0 -1e-07 0 0 -9.26635e-11 
78 -0.000779877 -0.00043033 -0.352336 0 0 -1e-07 0 0 -9.38515e-11 
79 -0.000447756 -7.169e-05 -0.188863 0 0 -1e-07 0 0 -9.50395e-11 
80 -0.000284269 -9.40238e-05 -0.234975 0 0 -1e-07 0 0 -9.62275e-11 
81 1.28946e-05 -0.00110787 -0.242469 0 0 -1e-07 0 0 -9.74155e-11 
82 0.000530172 -0.000251387 -0.291688 0 0 -1e-07 0 0 -9.86035e-11 
83 0.00135924 0.00128776 -0.32256 0 0 -1e-07 0 0 -9.97915e-11 
84 0.000874388 0.000597867 -0.415746 0 0 -1e-07 0 0 -1.0098e-10 
85 -0.000981375 0.00155752 -0.406289 0 0 -1e-07 0 0 -1.02167e-10 
86 0.000206871 -0.00254088 -0.464627 0 0 -1e-07 0 0 -1.03355e-10 
87 1.93264e-05 -0.00180424 -0.325769 0 0 -1e-07 0 0 -1.04543e-10 
88 -0.000739342 -0.00151072 -0.438358 0 0 -1e-07 0 0 -1.05731e-10 
89 -3.97736e-05 -2.50126e-05 -0.242297 0 0 -1e-07 0 0 -1.06919e-10 
90 5.79851e-05 0.000151012 -0.225875 0 0 -1e-07 0 0 -1.08107e-10 
91 4.83606e-06 -0.000300849 -0.300601 0 0 -1e-07 0 0 -1.09295e-10 
92 -0.000840361 0.000681058 -0.282769 0 0 -1e-07 0 0 -1.10483e-10 
93 0.00194488 0.00132841 -0.388515 0 0 -1e-07 0 0 -1.11671e-10 
94 0.000200179 -0.000260642 -0.307467 0 0 -1e-07 0 0 -1.12859e-10 
95 0.000276716 -0.000790327 -0.413018 0 0 -1e-07 0 0 -1.14047e-10 
96 -0.00171575 -0.000770945 -0.349884 0 0 -1e-07 0 0 -1.15235e-10 
97 0.00119416 -9.31396e-05 -0.183488 0 0 -1e-07 0 0 -1.16423e-10 
98 0.000936582 -0.000527286 -0.369548 0 0 -1e-07 0 0 -1.17611e-10 
99 0.00014118 -0.002443 -0.308073 0 0 -1e-07 0 0 -1.18799e-10 
100 -0.000684484 -0.00112032 -0.336902 0 0 -1e-07 0 0 -1.19987e-10 
101 0.000593337 -0.000332349 -0.403496 0 0 -1e-07 0 0 -1.21175e-10 
102 0.00115191 -1.22593e-05 -0.460873 0 0 -1e-07 0 0 -1.22363e-10 
103 -0.000272478 0.00115659 -0.349417 0 0 -1e-07 0 0 -1.23551e-10 
104 9.65287e-06 -0.0014727 -0.408966 0 0 -1e-07 0 0 -1.24739e-10 
105 -0.00228777 -0.00198255 -0.343555 0 0 -1e-07 0 0 -1.25927e-10 
106 -0.000448256 0.00110949 -0.293279 0 0 -1e-07 0 0 -1.27115e-10 
107 -0.000763791 -0.00123395 -0.490548 0 0 -1e-07 0 0 -1.28303e-10 
108 3.44862e-05 -0.000151243 -0.26859 0 0 -1e-07 0 0 -1.29491e-10 
109 0.000573891 0.000370983 -0.210197 0 0 -1e-07 0 0 -1.30679e-10 
110 0.000419674 0.000906294 -0.35776 0 0 -1e-07 0 0 -1.31867e-10 
111 0.00010977 0.000253483 -0.46008 0 0 -1e-07 0 0 -1.33055e-10 
112 0.000724427 -0.000455145 -0.306438 0 0 -1e-07 0 0 -1.34243e-10 
113 -8.75198e-05 -0.000834047 -0.338602 0 0 -1e-07 0 0 -1.35431e-10 
114 -0.000273613 -0.000375808 -0.2932 0 0 -1e-07 0 0 -1.36619e-10 
115 0.00146667 0.000489284 -0.171012 0 0 -1e-07 0 0 -1.37807e-10 
116 -0.000308666 0.000512434 -0.334386 0 0 -1e-07 0 0 -1.38995e-10 
117 -0.00150377 0.000905018 -0.292404 0 0 -1e-07 0 0 -1.40183e-10 
118 0.000183922 0.00108894 -0.277954 0 0 -1e-07 0 0 -1.41371e-10 
119 -0.000675503 -0.00179749 -0.44601 0 0 -1e-07 0 0 -1.42559e-10 
120 0.000688643 0.00217433 -0.465323 0 0 -1e-07 0 0 -1.43747e-10 
121 0.000251857 0.00120813 -0.345987 0 0 -1e-07 0 0 -1.44935e-10 
122 -2.55057e-05 -0.00240457 -0.391039 0 0 -1e-07 0 0 -1.46123e-10 
123 0.000256019 -0.000547682 -0.30749 0 0 -1e-07 0 0 -1.47311e-10 
124 3.9538e-05 -0.000575329 -0.305462 0 0 -1e-07 0 0 -1.48499e-10 
125 -0.000147189 0.00103665 -0.321353 0 0 -1e-07 0 0 -1.49687e-10 
126 -0.000152587 0.00119935 -0.227978 0 0 -1e-07 0 0 -1.50875e-10 
127 -0.00175402 -0.000793749 -0.564902 0 0 -1e-07 0 0 -1.52063e-10 
128 0.000333069 0.000865188 -0.484256 0 0 -1e-07 0 0 -1.53251e-10 
129 0.000390084 7.73578e-05 -0.270526 0 0 -1e-07 0 0 -1.54439e-10 
130 -0.000287556 -7.61187e-05 -0.263913 0 0 -1e-07 0 0 -1.55627e-10 
131 -0.000513225 -0.000588404 -0.419371 0 0 -1e-07 0 0 -1.56815e-10 
132 -0.000613894 -0.00033275 -0.324897 0 0 -1e-07 0 0 -1.58003e-10 
133 -0.00121801 -5.75782e-05 -0.281083 0 0 -1e-07 0 0 -1.59191e-10 
134 8.20876e-05 9.76223e-05 -0.239775 0 0 -1e-07 0 0 -1.60379e-10 
135 -0.000851586 -0.00152667 -0.412108 0 0 -1e-07 0 0 -1.61567e-10 
136 0.000625416 0.000344869 -0.276385 0 0 -1e-07 0 0 -1.62755e-10 
137 -0.00163726 0.00125732 -0.355306 0 0 -1e-07 0 0 -1.63943e-10 
138 0.000284598 0.000782693 -0.250431 0 0 -1e-07 0 0 -1.65131e-10 
139 0.000972837 0.000197659 -0.322196 0 0 -1e-07 0 0 -1.66319e-10 
140 0.000717757 0.000357606 -0.283549 0 0 -1e-07 0 0 -1.67507e-10 
141 0.000798975 0.000723131 -0.241039 0 0 -1e-07 0 0 -1.68695e-10 
142 8.22969e-05 -0.00118362 -0.297271 0 0 -1e-07 0 0 -1.69883e-10 
143 -0.00138303 -0.00167402 -0.357868 0 0 -1e-07 0 0 -1.71071e-10 
144 -0.000781341 0.00176001 -0.375084 0 0 -1e-07 0 0 -1.72259e-10 
145 -0.0018373 0.000517727 -0.458009 0 0 -1e-07 0 0 -1.73447e-10 
146 0.00019133 -0.000504487 -0.5315 0 0 -1e-07 0 0 -1.74635e-10 
147 -0.00100749 -0.000615985 -0.445275 0 0 -1e-07 0 0 -1.75823e-10 
148 -0.000230106 -0.000574368 -0.316634 0 0 -1e-07 0 0 -1.77011e-10 
149 -8.74329e-05 0.000358976 -0.347607 0 0 -1e-07 0 0 -1.78199e-10 
150 -0.000243994 0.000127573 -0.311741 0 0 -1e-07 0 0 -1.79387e-10 
151 -0.00148508 0.000282595 -0.387184 0 0 -1e-07 0 0 -1.80575e-10 
152 0.000236867 0.000496015 -0.198933 0 0 -1e-07 0 0 -1.81763e-10 
153 -0.000324479 0.000359134 -0.175831 0 0 -1e-07 0 0 -1.82951e-10 
154 -0.000782245 0.000971004 -0.336433 0 0 -1e-07 0 0 -1.84139e-10 
155 0.000754683 -0.000634486 -0.350568 0 0 -1e-07 0 0 -1.85327e-10 
156 -0.00193667 -0.000720885 -0.351923 0 0 -1e-07 0 0 -1.86515e-10 
157 0.000379065 0.000338574 -0.390553 0 0 -1e-07 0 0 -1.87703e-10 
158 0.00121913 -0.00142331 -0.327448 0 0 -1e-07 0 0 -1.88891e-10 
159 -0.00119923 -0.000187066 -0.434862 0 0 -1e-07 0 0 -1.90079e-10 
160 -0.000811694 -0.000146266 -0.300885 0 0 -1e-07 0 0 -1.91267e-10 
161 0.000206189 0.000201069 -0.29488 0 0 -1e-07 0 0 -1.92455e-10 
162 -0.00013678 0.00125951 -0.295575 0 0 -1e-07 0 0 -1.93643e-10 
163 0.000746243 -0.00108684 -0.500658 0 0 -1e-07 0 0 -1.94831e-10 
164 0.000668541 0.00114585 -0.289538 0 0 -1e-07 0 0 -1.96019e-10 
165 -0.00089639 -0.000129998 -0.246572 0 0 -1e-07 0 0 -1.97207e-10 
166 -0.000152881 -0.00120787 -0.376669 0 0 -1e-07 0 0 -1.98395e-10 
167 0.000247757 -0.000805366 -0.433721 0 0 -1e-07 0 0 -1.99583e-10 
168 -4.62578e-05 0.000854098 -0.505519 0 0 -1e-07 0 0 -2.00771e-10 
169 -0.00151686 -0.00120734 -0.525948 0 0 -1e-07 0 0 -2.01959e-10 
170 -0.00134672 0.00133933 -0.41865 0 0 -1e-07 0 0 -2.03147e-10 
171 -0.000412299 0.000245363 -0.383944 0 0 -1e-07 0 0 -2.04335e-10 
172 -0.000830549 -1.55554e-05 -0.294624 0 0 -1e-07 0 0 -2.05523e-10 
173 0.00178684 0.001284 -0.279959 0 0 -1e-07 0 0 -2.06711e-10 
174 -0.000590846 0.000390119 -0.251246 0 0 -1e-07 0 0 -2.07899e-10 
175 -0.00222616 -0.00103414 -0.317951 0 0 -1e-07 0 0 -2.09087e-10 
176 -0.000565335 -0.00165489 -0.295827 0 0 -1e-07 0 0 -2.10275e-10 
177 0.000452115 -0.000722394 -0.309321 0 0 -1e-07 0 0 -2.11463e-10 
178 -0.000401737 -0.0013185 -0.371199 0 0 -1e-07 0 0 -2.12651e-10 
179 -0.000834765 0.000519417 -0.404762 0 0 -1e-07 0 0 -2.13839e-10 
180 -0.0010744 0.000218772 -0.268834 0 0 -1e-07 0 0 -2.15027e-10 
181 -0.000132784 0.000585668 -0.456725 0 0 -1e-07 0 0 -2.16215e-10 
182 0.00158993 0.000706956 -0.400693 0 0 -1e-07 0 0 -2.17403e-10 
183 -0.000354838 -0.0014617 -0.262474 0 0 -1e-07 0 0 -2.18591e-10 
184 -0.000374388 -6.74024e-05 -0.489678 0 0 -1e-07 0 0 -2.19779e-10 
185 0.000519775 -2.00472e-05 -0.563022 0 0 -1e-07 0 0 -2.20967e-10 
186 6.76312e-05 0.000372063 -0.370065 0 0 -1e-07 0 0 -2.22155e-10 
187 -0.000328138 -0.00124851 -0.318054 0 0 -1e-07 0 0 -2.23343e-10 
188 -0.000512043 0.000949493 -0.308325 0 0 -1e-07 0 0 -2.24531e-10 
189 0.00128547 0.000331845 -0.236063 0 0 -1e-07 0 0 -2.25719e-10 
190 -0.000907803 -0.00190594 -0.359192 0 0 -1e-07 0 0 -2.26907e-10 
191 0.000526672 0.000211778 -0.347757 0 0 -1e-07 0 0 -2.28095e-10 
192 -0.00146136 -0.000747222 -0.428902 0 0 -1e-07 0 0 -2.29283e-10 
193 -0.00129373 -0.00115169 -0.319913 0 0 -1e-07 0 0 -2.30471e-10 
194 0.000728272 0.000506233 -0.308936 0 0 -1e-07 0 0 -2.31659e-10 
195 -0.00106076 -0.000634554 -0.45075 0 0 -1e-07 0 0 -2.32847e-10 
196 0.000457833 -0.00116985 -0.272277 0 0 -1e-07 0 0 -2.34035e-10 
197 -0.00105141 0.000963053 -0.492805 0 0 -1e-07 0 0 -2.35223e-10 
198 -0.0021663 0.00143933 -0.340425 0 0 -1e-07 0 0 -2.36411e-10 
199 4.97209e-05 0.00173013 -0.374814 0 0 -1e-07 0 0 -2.37599e-10 
200 0.00206432 0.000995902 -0.426361 0 0 -1e-07 0 0 -2.38787e-10 
