# step Fx Fy Fz Vx Vy Vz Dx Dy Dz 
0 0 0 0 0 0 -1e-07 0 0 -1.18799e-12 
1 0 0 0 0 0 -1e-07 0 0 -2.37599e-12 
2 0 0 0 0 0 -1e-07 0 0 -3.56398e-12 
3 0 0 0 0 0 -1e-07 0 0 -4.75198e-12 
4 0 0 0 0 0 -1e-07 0 0 -5.93997e-12 
5 0 0 0 0 0 -1e-07 0 0 -7.12796e-12 
6 0 0 0 0 0 -1e-07 0 0 -8.31596e-12 
7 0 0 0 0 0 -1e-07 0 0 -9.50395e-12 
8 0 0 0 0 0 -1e-07 0 0 -1.06919e-11 
9 0 0 0 0 0 -1e-07 0 0 -1.18799e-11 
10 0 0 0 0 0 -1e-07 0 0 -1.30679e-11 
11 0 0 0 0 0 -1e-07 0 0 -1.42559e-11 
12 0 0 0 0 0 -1e-07 0 0 -1.54439e-11 
13 0 0 0 0 0 -1e-07 0 0 -1.66319e-11 
14 0 0 0 0 0 -1e-07 0 0 -1.78199e-11 
15 0 0 0 0 0 -1e-07 0 0 -1.90079e-11 
16 0 0 0 0 0 -1e-07 0 0 -2.01959e-11 
17 0 0 0 0 0 -1e-07 0 0 -2.13839e-11 
18 0 0 0 0 0 -1e-07 0 0 -2.25719e-11 
19 0 0 0 0 0 -1e-07 0 0 -2.37599e-11 
20 0 0 0 0 0 -1e-07 0 0 -2.49479e-11 
21 0 0 0 0 0 -1e-07 0 0 -2.61359e-11 
22 0 0 0 0 0 -1e-07 0 0 -2.73239e-11 
23 -1.00834e-11 -5.60689e-11 -0.0176043 0 0 -1e-07 0 0 -2.85119e-11 
24 6.07779e-11 -7.0168e-11 -0.0282701 0 0 -1e-07 0 0 -2.96999e-11 
25 -8.02223e-11 -9.5574e-11 -0.0245933 0 0 -1e-07 0 0 -3.08878e-11 
26 1.2582e-10 1.61625e-11 -0.0153909 0 0 -1e-07 0 0 -3.20758e-11 
27 -4.02255e-10 -5.25821e-11 -0.0600334 0 0 -1e-07 0 0 -3.32638e-11 
28 3.70724e-11 -1.59985e-10 -0.0255993 0 0 -1e-07 0 0 -3.44518e-11 
29 2.98017e-05 -2.69685e-05 -0.0283973 0 0 -1e-07 0 0 -3.56398e-11 
30 3.8969e-10 -1.42494e-10 -0.0640089 0 0 -1e-07 0 0 -3.68278e-11 
31 2.00876e-11 7.45775e-11 -0.0335348 0 0 -1e-07 0 0 -3.80158e-11 
32 -5.90383e-05 -0.000267727 -0.0898703 0 0 -1e-07 0 0 -3.92038e-11 
33 4.58158e-05 1.77811e-06 -0.0912279 0 0 -1e-07 0 0 -4.03918e-11 
34 -0.000199117 -0.00061456 -0.110767 0 0 -1e-07 0 0 -4.15798e-11 
35 -6.09111e-06 -0.000102336 -0.098984 0 0 -1e-07 0 0 -4.27678e-11 
36 0.00023653 6.49004e-05 -0.119419 0 0 -1e-07 0 0 -4.39558e-11 
37 0.00018555 -0.000421317 -0.113704 0 0 -1e-07 0 0 -4.51438e-11 
38 -3.23297e-06 -6.09738e-05 -0.0879643 0 0 -1e-07 0 0 -4.63318e-11 
39 -0.000318227 -0.000267355 -0.262112 0 0 -1e-07 0 0 -4.75198e-11 
40 0.000270305 -6.94195e-05 -0.163788 0 0 -1e-07 0 0 -4.87078e-11 
41 0.000267879 -0.000184916 -0.129487 0 0 -1e-07 0 0 -4.98958e-11 
42 -9.17201e-05 -1.96535e-05 -0.212321 0 0 -1e-07 0 0 -5.10837e-11 
43 -9.24119e-05 8.7802e-05 -0.150535 0 0 -1e-07 0 0 -5.22717e-11 
44 1.08202e-05 -0.000153592 -0.0754698 0 0 -1e-07 0 0 -5.34597e-11 
45 -0.000236872 -0.00137598 -0.171598 0 0 -1e-07 0 0 -5.46477e-11 
46 -6.98802e-05 -0.00036888 -0.225557 0 0 -1e-07 0 0 -5.58357e-11 
47 0.000499665 9.36109e-05 -0.362682 0 0 -1e-07 0 0 -5.70237e-11 
48 -0.000182844 0.000748247 -0.263649 0 0 -1e-07 0 0 -5.82117e-11 
49 -0.000175279 0.00012347 -0.269457 0 0 -1e-07 0 0 -5.93997e-11 
50 -7.35846e-05 -0.00016378 -0.36233 0 0 -1e-07 0 0 -6.05877e-11 
51 0.000497323 -0.000327676 -0.453477 0 0 -1e-07 0 0 -6.17757e-11 
52 -0.000479928 -0.00186642 -0.423592 0 0 -1e-07 0 0 -6.29637e-11 
53 2.09532e-05 0.000705233 -0.228608 0 0 -1e-07 0 0 -6.41517e-11 
54 0.000599919 -0.000713809 -0.30694 0 0 -1e-07 0 0 -6.53397e-11 
55 0.000506584 -0.000602229 -0.267143 0 0 -1e-07 0 0 -6.65277e-11 
56 -2.27763e-05 0.00117544 -0.206418 0 0 -1e-07 0 0 -6.77157e-11 
57 -0.000143795 -0.00108308 -0.390227 0 0 -1e-07 0 0 -6.89037e-11 
58 -0.00112292 -0.00188512 -0.407485 0 0 -1e-07 0 0 -7.00917e-11 
59 0.000527032 -0.000438979 -0.409222 0 0 -1e-07 0 0 -7.12796e-11 
60 0.000784422 -0.00115098 -0.313597 0 0 -1e-07 0 0 -7.24676e-11 
61 0.00158067 0.00152792 -0.371237 0 0 -1e-07 0 0 -7.36556e-11 
62 0.000924809 -2.9079e-05 -0.479556 0 0 -1e-07 0 0 -7.48436e-11 
63 0.00146953 -8.9766e-05 -0.455566 0 0 -1e-07 0 0 -7.60316e-11 
64 0.000702243 -0.0017953 -0.498242 0 0 -1e-07 0 0 -7.72196e-11 
65 -0.000173842 -0.000166959 -0.255993 0 0 -1e-07 0 0 -7.84076e-11 
66 -0.000527313 9.12324e-05 -0.360927 0 0 -1e-07 0 0 -7.95956e-11 
67 -4.35005e-05 -1.70434e-05 -0.235787 0 0 -1e-07 0 0 -8.07836e-11 
68 -0.000763574 -0.00183818 -0.393194 0 0 -1e-07 0 0 -8.19716e-11 
69 -0.00125443 0.000900857 -0.324658 0 0 -1e-07 0 0 -8.31596e-11 
70 0.00112669 -0.000990424 -0.422467 0 0 -1e-07 0 0 -8.43476e-11 
71 0.00155448 -0.000462591 -0.490737 0 0 -1e-07 0 0 -8.55356e-11 
72 -0.000806547 0.00173919 -0.476234 0 0 -1e-07 0 0 -8.67236e-11 
73 -0.000264211 -0.00195344 -0.408507 0 0 -1e-07 0 0 -8.79116e-11 
74 9.60072e-05 -0.000165932 -0.398579 0 0 -1e-07 0 0 -8.90996e-11 
75 0.000306477 -0.000826687 -0.304431 0 0 -1e-07 0 0 -9.02876e-11 
76 0.000888187 0.000128811 -0.344558 0 0 -1e-07 0 0 -9.14755e-11 
77 0.000461885 -0.000436861 -0.417141 0 0 -1e-07 0 0 -9.26635e-11 
78 -0.000605157 0.000726294 -0.484275 0 0 -1e-07 0 0 -9.38515e-11 
79 -0.000853098 -0.00184938 -0.363461 0 0 -1e-07 0 0 -9.50395e-11 
80 0.00232017 6.65329e-05 -0.426183 0 0 -1e-07 0 0 -9.62275e-11 
81 0.00387573 0.00121409 -0.37904 0 0 -1e-07 0 0 -9.74155e-11 
82 -0.000228483 -0.00127891 -0.336461 0 0 -1e-07 0 0 -9.86035e-11 
83 -0.000165904 0.00141875 -0.360589 0 0 -1e-07 0 0 -9.97915e-11 
84 -0.00195203 -0.00283095 -0.514788 0 0 -1e-07 0 0 -1.0098e-10 
85 -0.00028712 0.00115133 -0.451468 0 0 -1e-07 0 0 -1.02167e-10 
86 0.000628895 -0.00219917 -0.472466 0 0 -1e-07 0 0 -1.03355e-10 
87 0.00163829 -0.000426155 -0.373352 0 0 -1e-07 0 0 -1.04543e-10 
88 -0.000509417 -0.00055125 -0.341617 0 0 -1e-07 0 0 -1.05731e-10 
89 0.00078388 6.37312e-08 -0.386117 0 0 -1e-07 0 0 -1.06919e-10 
90 0.00117739 0.00109443 -0.361207 0 0 -1e-07 0 0 -1.08107e-10 
91 0.00106512 -0.000319946 -0.325438 0 0 -1e-07 0 0 -1.09295e-10 
92 -0.000618307 0.000913336 -0.210544 0 0 -1e-07 0 0 -1.10483e-10 
93 -0.000579778 -0.00122982 -0.429621 0 0 -1e-07 0 0 -1.11671e-10 
94 0.000195112 0.000714656 -0.630479 0 0 -1e-07 0 0 -1.12859e-10 
95 0.0042282 0.00237709 -0.504992 0 0 -1e-07 0 0 -1.14047e-10 
96 -0.000254587 0.000573383 -0.368699 0 0 -1e-07 0 0 -1.15235e-10 
97 0.000794721 0.000799621 -0.398665 0 0 -1e-07 0 0 -1.16423e-10 
98 0.00184868 -0.00163677 -0.437 0 0 -1e-07 0 0 -1.17611e-10 
99 -0.00183373 -0.000971695 -0.444222 0 0 -1e-07 0 0 -1.18799e-10 
100 -0.000555382 -0.000817061 -0.503081 0 0 -1e-07 0 0 -1.19987e-10 
101 -0.00120759 -0.00274445 -0.43047 0 0 -1e-07 0 0 -1.21175e-10 
102 0.0013943 0.000609142 -0.425657 0 0 -1e-07 0 0 -1.22363e-10 
103 0.00167042 -9.43003e-05 -0.24649 0 0 -1e-07 0 0 -1.23551e-10 
104 -0.0007425 -0.000139766 -0.269294 0 0 -1e-07 0 0 -1.24739e-10 
105 -0.00117611 -0.000954458 -0.407939 0 0 -1e-07 0 0 -1.25927e-10 
106 -0.00201414 0.000694511 -0.517648 0 0 -1e-07 0 0 -1.27115e-10 
107 0.00075871 -0.00199653 -0.377241 0 0 -1e-07 0 0 -1.28303e-10 
108 -0.0011641 -0.00525682 -0.47755 0 0 -1e-07 0 0 -1.29491e-10 
109 -0.000853721 0.000133872 -0.644195 0 0 -1e-07 0 0 -1.30679e-10 
110 -0.00261727 0.00110166 -0.599404 0 0 -1e-07 0 0 -1.31867e-10 
111 0.00212151 -0.000826061 -0.371102 0 0 -1e-07 0 0 -1.33055e-10 
112 -9.74752e-05 0.000430753 -0.249157 0 0 -1e-07 0 0 -1.34243e-10 
113 -0.000981057 -0.00104497 -0.349478 0 0 -1e-07 0 0 -1.35431e-10 
114 -0.000306285 -0.000600148 -0.407696 0 0 -1e-07 0 0 -1.36619e-10 
115 0.00037107 -0.0039091 -0.382749 0 0 -1e-07 0 0 -1.37807e-10 
116 -0.00266938 -0.00267247 -0.369224 0 0 -1e-07 0 0 -1.38995e-10 
117 -0.00229244 -7.53274e-05 -0.502685 0 0 -1e-07 0 0 -1.40183e-10 
118 -0.000369179 0.000298986 -0.435958 0 0 -1e-07 0 0 -1.41371e-10 
119 6.42276e-05 -0.000883918 -0.348419 0 0 -1e-07 0 0 -1.42559e-10 
120 0.00238671 -0.000161453 -0.336065 0 0 -1e-07 0 0 -1.43747e-10 
121 0.0033405 -0.000112122 -0.359715 0 0 -1e-07 0 0 -1.44935e-10 
122 0.00136815 0.00167156 -0.363944 0 0 -1e-07 0 0 -1.46123e-10 
123 -0.000221992 -0.00107301 -0.477724 0 0 -1e-07 0 0 -1.47311e-10 
124 -0.00124943 0.000259663 -0.380618 0 0 -1e-07 0 0 -1.48499e-10 
125 0.000492885 0.000360003 -0.560301 0 0 -1e-07 0 0 -1.49687e-10 
126 -0.000436741 0.000229968 -0.516753 0 0 -1e-07 0 0 -1.50875e-10 
127 0.00483946 0.00192418 -0.425037 0 0 -1e-07 0 0 -1.52063e-10 
128 0.000642591 0.000725605 -0.445158 0 0 -1e-07 0 0 -1.53251e-10 
129 -3.04121e-05 -0.00206714 -0.472091 0 0 -1e-07 0 0 -1.54439e-10 
130 -0.000239481 -0.00607442 -0.455597 0 0 -1e-07 0 0 -1.55627e-10 
131 0.00170684 0.000176556 -0.350533 0 0 -1e-07 0 0 -1.56815e-10 
132 -0.00142901 0.0026768 -0.521134 0 0 -1e-07 0 0 -1.58003e-10 
133 -0.00295398 -0.000253964 -0.281134 0 0 -1e-07 0 0 -1.59191e-10 
134 0.000113664 0.000227345 -0.360334 0 0 -1e-07 0 0 -1.60379e-10 
135 0.00310756 -0.000482416 -0.41247 0 0 -1e-07 0 0 -1.61567e-10 
136 0.00123978 0.000812115 -0.41769 0 0 -1e-07 0 0 -1.62755e-10 
137 0.00063737 -0.000955807 -0.453132 0 0 -1e-07 0 0 -1.63943e-10 
138 -0.00200615 -0.00232955 -0.427663 0 0 -1e-07 0 0 -1.65131e-10 
139 0.000434161 0.000210953 -0.538636 0 0 -1e-07 0 0 -1.66319e-10 
140 0.00121006 0.00122009 -0.55941 0 0 -1e-07 0 0 -1.67507e-10 
141 -8.63481e-05 -0.00399015 -0.435275 0 0 -1e-07 0 0 -1.68695e-10 
142 0.00033454 -0.000157589 -0.291828 0 0 -1e-07 0 0 -1.69883e-10 
143 0.000520723 0.000161798 -0.470002 0 0 -1e-07 0 0 -1.71071e-10 
144 0.00216994 0.00122209 -0.458905 0 0 -1e-07 0 0 -1.72259e-10 
145 -0.00142436 -0.00228955 -0.367061 0 0 -1e-07 0 0 -1.73447e-10 
146 -0.000477814 -0.00157885 -0.423355 0 0 -1e-07 0 0 -1.74635e-10 
147 0.000306753 0.0028982 -0.530336 0 0 -1e-07 0 0 -1.75823e-10 
148 -0.00171275 -0.00124603 -0.348454 0 0 -1e-07 0 0 -1.77011e-10 
149 -0.00342235 -0.00516202 -0.307627 0 0 -1e-07 0 0 -1.78199e-10 
150 -0.000796329 0.000471514 -0.410452 0 0 -1e-07 0 0 -1.79387e-10 
151 0.00345701 0.00269182 -0.421624 0 0 -1e-07 0 0 -1.80575e-10 
152 0.000760888 -0.00216213 -0.480094 0 0 -1e-07 0 0 -1.81763e-10 
153 -0.00060205 -0.00395886 -0.55467 0 0 -1e-07 0 0 -1.82951e-10 
154 -0.0044167 -0.00444108 -0.469447 0 0 -1e-07 0 0 -1.84139e-10 
155 -0.00179634 0.00224699 -0.446333 0 0 -1e-07 0 0 -1.85327e-10 
156 0.000320584 0.000139395 -0.48964 0 0 -1e-07 0 0 -1.86515e-10 
157 -0.000519562 -0.00275261 -0.38282 0 0 -1e-07 0 0 -1.87703e-10 
158 0.00128136 -3.36604e-05 -0.4795 0 0 -1e-07 0 0 -1.88891e-10 
159 -0.00165225 0.00144601 -0.363816 0 0 -1e-07 0 0 -1.90079e-10 
160 -0.00428609 -0.00257779 -0.420623 0 0 -1e-07 0 0 -1.91267e-10 
161 0.00175398 -0.00124671 -0.339277 0 0 -1e-07 0 0 -1.92455e-10 
162 0.00210953 -0.00187405 -0.393281 0 0 -1e-07 0 0 -1.93643e-10 
163 0.000156872 -0.00415129 -0.522563 0 0 -1e-07 0 0 -1.94831e-10 
164 -0.00585807 -0.00355674 -0.512468 0 0 -1e-07 0 0 -1.96019e-10 
165 -0.000200115 0.00178731 -0.321276 0 0 -1e-07 0 0 -1.97207e-10 
166 2.32968e-05 0.00164328 -0.499298 0 0 -1e-07 0 0 -1.98395e-10 
167 0.00260896 -0.00111264 -0.501265 0 0 -1e-07 0 0 -1.99583e-10 
168 -0.00268899 -0.00348566 -0.5427 0 0 -1e-07 0 0 -2.00771e-10 
169 0.00360508 -0.00100522 -0.584471 0 0 -1e-07 0 0 -2.01959e-10 
170 0.000578059 0.00169472 -0.616404 0 0 -1e-07 0 0 -2.03147e-10 
171 -0.00270464 -0.000593701 -0.325797 0 0 -1e-07 0 0 -2.04335e-10 
172 -0.00107764 -0.00100082 -0.520497 0 0 -1e-07 0 0 -2.05523e-10 
173 -0.00162681 -0.00333677 -0.40137 0 0 -1e-07 0 0 -2.06711e-10 
174 -0.000258582 -0.000976645 -0.226412 0 0 -1e-07 0 0 -2.07899e-10 
175 -0.00289864 -0.00252617 -0.40629 0 0 -1e-07 0 0 -2.09087e-10 
176 -0.00075934 -0.000713183 -0.409201 0 0 -1e-07 0 0 -2.10275e-10 
177 0.0008088 0.000998003 -0.294154 0 0 -1e-07 0 0 -2.11463e-10 
178 0.00324743 0.00284544 -0.425144 0 0 -1e-07 0 0 -2.12651e-10 
179 0.000287884 -0.00196209 -0.465687 0 0 -1e-07 0 0 -2.13839e-10 
180 -0.00107447 -0.00224676 -0.563077 0 0 -1e-07 0 0 -2.15027e-10 
181 0.00162293 -0.00296705 -0.527217 0 0 -1e-07 0 0 -2.16215e-10 
182 -0.00114426 -0.00517391 -0.680406 0 0 -1e-07 0 0 -2.17403e-10 
183 0.00019908 -0.000119492 -0.453524 0 0 -1e-07 0 0 -2.18591e-10 
184 3.56742e-05 0.000632753 -0.31874 0 0 -1e-07 0 0 -2.19779e-10 
185 0.000772425 -0.000675543 -0.415651 0 0 -1e-07 0 0 -2.20967e-10 
186 0.00063342 -0.00031201 -0.455637 0 0 -1e-07 0 0 -2.22155e-10 
187 -0.00176708 -0.00128221 -0.493929 0 0 -1e-07 0 0 -2.23343e-10 
188 0.00164657 0.00327024 -0.40161 0 0 -1e-07 0 0 -2.24531e-10 
189 0.00256461 0.0016439 -0.497693 0 0 -1e-07 0 0 -2.25719e-10 
190 -0.00242735 -0.00107324 -0.481843 0 0 -1e-07 0 0 -2.26907e-10 
191 -0.000830579 1.56973e-05 -0.522228 0 0 -1e-07 0 0 -2.28095e-10 
192 -0.000276978 0.00146212 -0.469048 0 0 -1e-07 0 0 -2.29283e-10 
193 -0.000403459 0.00203526 -0.493847 0 0 -1e-07 0 0 -2.30471e-10 
194 -0.00217915 0.00335545 -0.426797 0 0 -1e-07 0 0 -2.31659e-10 
195 0.000235575 0.000737057 -0.278312 0 0 -1e-07 0 0 -2.32847e-10 
196 0.000602636 0.00175327 -0.581227 0 0 -1e-07 0 0 -2.34035e-10 
197 -0.000466402 -0.00405212 -0.580037 0 0 -1e-07 0 0 -2.35223e-10 
198 -0.0012941 -0.00300909 -0.398857 0 0 -1e-07 0 0 -2.36411e-10 
199 -0.00228524 -0.0023775 -0.489673 0 0 -1e-07 0 0 -2.37599e-10 
200 0.000864648 -0.00149011 -0.512908 0 0 -1e-07 0 0 -2.38787e-10 
