# step Fx Fy Fz Vx Vy Vz Dx Dy Dz 
0 0 0 0 0 0 -1e-07 0 0 -1.18799e-12 
1 0 0 0 0 0 -1e-07 0 0 -2.37599e-12 
2 0 0 0 0 0 -1e-07 0 0 -3.56398e-12 
3 0 0 0 0 0 -1e-07 0 0 -4.75198e-12 
4 0 0 0 0 0 -1e-07 0 0 -5.93997e-12 
5 0 0 0 0 0 -1e-07 0 0 -7.12796e-12 
6 0 0 0 0 0 -1e-07 0 0 -8.31596e-12 
7 0 0 0 0 0 -1e-07 0 0 -9.50395e-12 
8 0 0 0 0 0 -1e-07 0 0 -1.06919e-11 
9 0 0 0 0 0 -1e-07 0 0 -1.18799e-11 
10 0 0 0 0 0 -1e-07 0 0 -1.30679e-11 
11 0 0 0 0 0 -1e-07 0 0 -1.42559e-11 
12 0 0 0 0 0 -1e-07 0 0 -1.54439e-11 
13 0 0 0 0 0 -1e-07 0 0 -1.66319e-11 
14 0 0 0 0 0 -1e-07 0 0 -1.78199e-11 
15 0 0 0 0 0 -1e-07 0 0 -1.90079e-11 
16 0 0 0 0 0 -1e-07 0 0 -2.01959e-11 
17 0 0 0 0 0 -1e-07 0 0 -2.13839e-11 
18 0 0 0 0 0 -1e-07 0 0 -2.25719e-11 
19 0 0 0 0 0 -1e-07 0 0 -2.37599e-11 
20 0 0 0 0 0 -1e-07 0 0 -2.49479e-11 
21 0 0 0 0 0 -1e-07 0 0 -2.61359e-11 
22 0 0 0 0 0 -1e-07 0 0 -2.73239e-11 
23 -3.13135e-11 1.59787e-12 -0.0176043 0 0 -1e-07 0 0 -2.85119e-11 
24 6.84792e-12 -1.00987e-10 -0.0282701 0 0 -1e-07 0 0 -2.96999e-11 
25 -3.95317e-11 -7.85648e-11 -0.0245933 0 0 -1e-07 0 0 -3.08878e-11 
26 -9.52335e-12 1.75549e-11 -0.0153909 0 0 -1e-07 0 0 -3.20758e-11 
27 9.98251e-11 -7.17365e-12 -0.0600334 0 0 -1e-07 0 0 -3.32638e-11 
28 3.90485e-11 -4.409e-11 -0.0255993 0 0 -1e-07 0 0 -3.44518e-11 
29 3.67168e-05 4.95954e-05 -0.0156335 0 0 -1e-07 0 0 -3.56398e-11 
30 6.23349e-11 6.68469e-11 -0.0640089 0 0 -1e-07 0 0 -3.68278e-11 
31 -2.40524e-11 -3.24772e-11 -0.0335348 0 0 -1e-07 0 0 -3.80158e-11 
32 -8.02485e-06 -0.000110266 -0.0569011 0 0 -1e-07 0 0 -3.92038e-11 
33 1.3838e-05 -7.31458e-05 -0.0856277 0 0 -1e-07 0 0 -4.03918e-11 
34 -9.38398e-06 -4.81647e-06 -0.106382 0 0 -1e-07 0 0 -4.15798e-11 
35 -0.000151112 -0.000138291 -0.0602953 0 0 -1e-07 0 0 -4.27678e-11 
36 -8.30443e-06 0.000368221 -0.164146 0 0 -1e-07 0 0 -4.39558e-11 
37 -0.000317142 -0.00022428 -0.144468 0 0 -1e-07 0 0 -4.51438e-11 
38 5.35922e-05 -0.000205094 -0.0537463 0 0 -1e-07 0 0 -4.63318e-11 
39 4.77343e-06 -0.000287637 -0.190515 0 0 -1e-07 0 0 -4.75198e-11 
40 2.0611e-05 0.000245402 -0.0876926 0 0 -1e-07 0 0 -4.87078e-11 
41 -1.47925e-05 -1.1031e-05 -0.11094 0 0 -1e-07 0 0 -4.98958e-11 
42 0.000218103 0.000161793 -0.314981 0 0 -1e-07 0 0 -5.10837e-11 
43 -6.52276e-05 -0.000344305 -0.157906 0 0 -1e-07 0 0 -5.22717e-11 
44 -0.000133848 -0.000181307 -0.105426 0 0 -1e-07 0 0 -5.34597e-11 
45 -8.63252e-05 -0.000121735 -0.129392 0 0 -1e-07 0 0 -5.46477e-11 
46 -0.00085963 0.000425976 -0.195982 0 0 -1e-07 0 0 -5.58357e-11 
47 -0.000236251 -0.000331246 -0.243018 0 0 -1e-07 0 0 -5.70237e-11 
48 -0.000376401 0.000931721 -0.359676 0 0 -1e-07 0 0 -5.82117e-11 
49 -4.9594e-05 2.15533e-06 -0.34044 0 0 -1e-07 0 0 -5.93997e-11 
50 0.00067407 0.000368941 -0.332349 0 0 -1e-07 0 0 -6.05877e-11 
51 5.95397e-05 -1.32981e-05 -0.249852 0 0 -1e-07 0 0 -6.17757e-11 
52 -0.000223605 -0.000710311 -0.246692 0 0 -1e-07 0 0 -6.29637e-11 
53 -0.000400927 -0.000855832 -0.238923 0 0 -1e-07 0 0 -6.41517e-11 
54 7.12991e-05 -0.00108836 -0.231018 0 0 -1e-07 0 0 -6.53397e-11 
55 -0.000508881 -0.00016516 -0.289203 0 0 -1e-07 0 0 -6.65277e-11 
56 0.000115612 -0.000461753 -0.295743 0 0 -1e-07 0 0 -6.77157e-11 
57 -0.000421437 9.47048e-05 -0.332417 0 0 -1e-07 0 0 -6.89037e-11 
58 0.000140539 0.000155151 -0.560762 0 0 -1e-07 0 0 -7.00917e-11 
59 0.000385473 0.000331038 -0.381043 0 0 -1e-07 0 0 -7.12796e-11 
60 0.000340111 -0.000944418 -0.255202 0 0 -1e-07 0 0 -7.24676e-11 
61 -0.000736968 -0.000862427 -0.31767 0 0 -1e-07 0 0 -7.36556e-11 
62 -1.15341e-05 0.000384094 -0.374931 0 0 -1e-07 0 0 -7.48436e-11 
63 7.00442e-05 0.000908656 -0.277364 0 0 -1e-07 0 0 -7.60316e-11 
64 0.0014431 -0.00051342 -0.357775 0 0 -1e-07 0 0 -7.72196e-11 
65 -0.000582798 -0.000166565 -0.479401 0 0 -1e-07 0 0 -7.84076e-11 
66 0.000801056 1.67496e-05 -0.361107 0 0 -1e-07 0 0 -7.95956e-11 
67 0.000647158 -0.000445853 -0.324469 0 0 -1e-07 0 0 -8.07836e-11 
68 3.37818e-05 -0.000721955 -0.31355 0 0 -1e-07 0 0 -8.19716e-11 
69 -0.000825549 -0.000945308 -0.286039 0 0 -1e-07 0 0 -8.31596e-11 
70 0.000166043 0.00108368 -0.280103 0 0 -1e-07 0 0 -8.43476e-11 
71 2.77405e-05 -0.000686003 -0.342458 0 0 -1e-07 0 0 -8.55356e-11 
72 -4.10715e-05 0.000246301 -0.218976 0 0 -1e-07 0 0 -8.67236e-11 
73 -0.00139105 -0.00117613 -0.302312 0 0 -1e-07 0 0 -8.79116e-11 
74 -0.000549687 0.000202958 -0.302587 0 0 -1e-07 0 0 -8.90996e-11 
75 -0.000373239 -0.00155378 -0.442184 0 0 -1e-07 0 0 -9.02876e-11 
76 -0.000986962 -0.00099424 -0.471257 0 0 -1e-07 0 0 -9.14755e-11 
77 0.000782397 -0.00132324 -0.371512 0 0 -1e-07 0 0 -9.26635e-11 
78 -0.00126238 -0.000107517 -0.432404 0 0 -1e-07 0 0 -9.38515e-11 
79 -8.25209e-05 4.79735e-05 -0.195012 0 0 -1e-07 0 0 -9.50395e-11 
80 0.000723113 -0.00160122 -0.326837 0 0 -1e-07 0 0 -9.62275e-11 
81 -0.00101502 -0.000641957 -0.41975 0 0 -1e-07 0 0 -9.74155e-11 
82 0.000480598 -0.00104013 -0.409657 0 0 -1e-07 0 0 -9.86035e-11 
83 0.00109062 0.000129215 -0.420004 0 0 -1e-07 0 0 -9.97915e-11 
84 -0.0011423 0.000365007 -0.322039 0 0 -1e-07 0 0 -1.0098e-10 
85 -5.08613e-05 -0.00012702 -0.251923 0 0 -1e-07 0 0 -1.02167e-10 
86 -0.000267884 -0.000530199 -0.353502 0 0 -1e-07 0 0 -1.03355e-10 
87 0.00125502 -0.000360286 -0.344028 0 0 -1e-07 0 0 -1.04543e-10 
88 -0.000300766 -0.000515059 -0.324747 0 0 -1e-07 0 0 -1.05731e-10 
89 -0.000207268 -1.05678e-05 -0.176541 0 0 -1e-07 0 0 -1.06919e-10 
90 0.00127586 -0.00103095 -0.370289 0 0 -1e-07 0 0 -1.08107e-10 
91 -0.00178325 -0.000474211 -0.545719 0 0 -1e-07 0 0 -1.09295e-10 
92 -0.00116352 -0.000298701 -0.315612 0 0 -1e-07 0 0 -1.10483e-10 
93 -0.00101571 -0.000422938 -0.290395 0 0 -1e-07 0 0 -1.11671e-10 
94 0.000558508 -0.0015254 -0.518837 0 0 -1e-07 0 0 -1.12859e-10 
95 0.000494895 0.000152762 -0.236287 0 0 -1e-07 0 0 -1.14047e-10 
96 0.000818802 0.000303767 -0.246638 0 0 -1e-07 0 0 -1.15235e-10 
97 0.00145328 -0.00225791 -0.43016 0 0 -1e-07 0 0 -1.16423e-10 
98 0.000985035 0.000612349 -0.355626 0 0 -1e-07 0 0 -1.17611e-10 
99 -2.64206e-05 -0.000877297 -0.150968 0 0 -1e-07 0 0 -1.18799e-10 
100 0.000741404 -0.00140392 -0.556132 0 0 -1e-07 0 0 -1.19987e-10 
101 -0.000280723 -0.000245708 -0.336707 0 0 -1e-07 0 0 -1.21175e-10 
102 0.000416061 0.000547374 -0.190431 0 0 -1e-07 0 0 -1.22363e-10 
103 -1.95143e-05 2.53858e-05 -0.329615 0 0 -1e-07 0 0 -1.23551e-10 
104 -0.000918766 0.000123689 -0.36143 0 0 -1e-07 0 0 -1.24739e-10 
105 -0.000619951 0.000883063 -0.300591 0 0 -1e-07 0 0 -1.25927e-10 
106 0.000633401 0.000398568 -0.40881 0 0 -1e-07 0 0 -1.27115e-10 
107 5.66071e-05 0.000834017 -0.490277 0 0 -1e-07 0 0 -1.28303e-10 
108 -0.00102738 -0.000549706 -0.471334 0 0 -1e-07 0 0 -1.29491e-10 
109 -0.000446884 -0.000462474 -0.287581 0 0 -1e-07 0 0 -1.30679e-10 
110 0.000214417 -0.000797715 -0.227451 0 0 -1e-07 0 0 -1.31867e-10 
111 0.000775592 0.000433722 -0.312121 0 0 -1e-07 0 0 -1.33055e-10 
112 -0.000583048 -0.000476359 -0.546671 0 0 -1e-07 0 0 -1.34243e-10 
113 -0.000492532 0.000553446 -0.270358 0 0 -1e-07 0 0 -1.35431e-10 
114 -0.000708353 7.30397e-05 -0.219779 0 0 -1e-07 0 0 -1.36619e-10 
115 -0.000977564 -0.000365476 -0.405229 0 0 -1e-07 0 0 -1.37807e-10 
116 -0.000925617 -0.00259404 -0.373222 0 0 -1e-07 0 0 -1.38995e-10 
117 0.000135329 -0.000764315 -0.375765 0 0 -1e-07 0 0 -1.40183e-10 
118 -0.000958217 -0.000222284 -0.307864 0 0 -1e-07 0 0 -1.41371e-10 
119 0.0012639 -0.000955867 -0.378111 0 0 -1e-07 0 0 -1.42559e-10 
120 6.99249e-05 -0.000845789 -0.295331 0 0 -1e-07 0 0 -1.43747e-10 
121 0.00119146 0.000163987 -0.355342 0 0 -1e-07 0 0 -1.44935e-10 
122 -0.000375228 -1.56437e-05 -0.336395 0 0 -1e-07 0 0 -1.46123e-10 
123 -0.000830824 0.000100664 -0.483309 0 0 -1e-07 0 0 -1.47311e-10 
124 0.000256228 -0.00107797 -0.273025 0 0 -1e-07 0 0 -1.48499e-10 
125 -7.98073e-05 -0.00166645 -0.460205 0 0 -1e-07 0 0 -1.49687e-10 
126 -0.000146419 0.000487883 -0.305386 0 0 -1e-07 0 0 -1.50875e-10 
127 -0.00207744 -0.000574522 -0.461988 0 0 -1e-07 0 0 -1.52063e-10 
128 -4.8559e-05 -0.000647452 -0.393503 0 0 -1e-07 0 0 -1.53251e-10 
129 0.001011 -0.00141108 -0.388238 0 0 -1e-07 0 0 -1.54439e-10 
130 -3.07905e-05 -0.000611913 -0.356995 0 0 -1e-07 0 0 -1.55627e-10 
131 0.00224499 -0.000385674 -0.386423 0 0 -1e-07 0 0 -1.56815e-10 
132 0.000620241 -0.000877262 -0.366334 0 0 -1e-07 0 0 -1.58003e-10 
133 0.0009714 0.000593819 -0.274846 0 0 -1e-07 0 0 -1.59191e-10 
134 2.14758e-05 -0.00100124 -0.273249 0 0 -1e-07 0 0 -1.60379e-10 
135 0.000548028 6.31137e-05 -0.260725 0 0 -1e-07 0 0 -1.61567e-10 
136 -0.000441246 0.000756241 -0.230805 0 0 -1e-07 0 0 -1.62755e-10 
137 0.000251608 -0.000185565 -0.294943 0 0 -1e-07 0 0 -1.63943e-10 
138 -0.00107293 -0.00111325 -0.431642 0 0 -1e-07 0 0 -1.65131e-10 
139 8.30788e-05 0.00133681 -0.356801 0 0 -1e-07 0 0 -1.66319e-10 
140 0.00255633 -8.67361e-05 -0.359152 0 0 -1e-07 0 0 -1.67507e-10 
141 0.00128198 -0.000291214 -0.430617 0 0 -1e-07 0 0 -1.68695e-10 
142 -0.00383561 -0.00297756 -0.449987 0 0 -1e-07 0 0 -1.69883e-10 
143 0.00055129 0.000859037 -0.370054 0 0 -1e-07 0 0 -1.71071e-10 
144 -0.00109675 -4.78822e-05 -0.312042 0 0 -1e-07 0 0 -1.72259e-10 
145 0.000612227 -0.00105382 -0.242057 0 0 -1e-07 0 0 -1.73447e-10 
146 -0.00169941 -0.00216763 -0.428973 0 0 -1e-07 0 0 -1.74635e-10 
147 0.00212892 3.73815e-05 -0.368768 0 0 -1e-07 0 0 -1.75823e-10 
148 0.00127102 -0.0012272 -0.222215 0 0 -1e-07 0 0 -1.77011e-10 
149 0.000700222 -0.000107575 -0.401787 0 0 -1e-07 0 0 -1.78199e-10 
150 0.000407275 0.000744331 -0.378536 0 0 -1e-07 0 0 -1.79387e-10 
151 0.000643565 0.00129329 -0.412627 0 0 -1e-07 0 0 -1.80575e-10 
152 -0.000634917 -0.00222061 -0.404571 0 0 -1e-07 0 0 -1.81763e-10 
153 -0.000639616 0.000585463 -0.370685 0 0 -1e-07 0 0 -1.82951e-10 
154 -0.000992155 0.00104073 -0.301826 0 0 -1e-07 0 0 -1.84139e-10 
155 -0.000274103 -0.000314492 -0.423648 0 0 -1e-07 0 0 -1.85327e-10 
156 0.00106491 -0.00114173 -0.286185 0 0 -1e-07 0 0 -1.86515e-10 
157 0.000840565 0.00186537 -0.424621 0 0 -1e-07 0 0 -1.87703e-10 
158 -0.000934389 0.000348953 -0.311093 0 0 -1e-07 0 0 -1.88891e-10 
159 6.50675e-06 0.00105295 -0.358429 0 0 -1e-07 0 0 -1.90079e-10 
160 0.000449157 -0.000320594 -0.391063 0 0 -1e-07 0 0 -1.91267e-10 
161 -0.000295527 -0.000333333 -0.439824 0 0 -1e-07 0 0 -1.92455e-10 
162 0.00060904 -0.00015774 -0.317985 0 0 -1e-07 0 0 -1.93643e-10 
163 -0.000911461 -0.000594701 -0.411378 0 0 -1e-07 0 0 -1.94831e-10 
164 -0.000909852 0.000385642 -0.31531 0 0 -1e-07 0 0 -1.96019e-10 
165 0.00111943 -0.000366397 -0.470818 0 0 -1e-07 0 0 -1.97207e-10 
166 0.000347587 -0.00317936 -0.365093 0 0 -1e-07 0 0 -1.98395e-10 
167 7.75407e-05 2.90778e-05 -0.440278 0 0 -1e-07 0 0 -1.99583e-10 
168 0.000446307 0.00115731 -0.428134 0 0 -1e-07 0 0 -2.00771e-10 
169 -0.000644358 3.44838e-06 -0.360999 0 0 -1e-07 0 0 -2.01959e-10 
170 -0.00103765 -0.00147205 -0.282332 0 0 -1e-07 0 0 -2.03147e-10 
171 0.000104358 -0.0017947 -0.270513 0 0 -1e-07 0 0 -2.04335e-10 
172 -0.000442502 0.000717911 -0.309791 0 0 -1e-07 0 0 -2.05523e-10 
173 -1.31058e-05 7.3483e-06 -0.294882 0 0 -1e-07 0 0 -2.06711e-10 
174 0.000122105 -0.000726869 -0.425435 0 0 -1e-07 0 0 -2.07899e-10 
175 0.00033641 0.000996203 -0.392873 0 0 -1e-07 0 0 -2.09087e-10 
176 -0.000303958 -0.00148086 -0.45725 0 0 -1e-07 0 0 -2.10275e-10 
177 -0.00396466 -0.00036293 -0.333275 0 0 -1e-07 0 0 -2.11463e-10 
178 -0.000889829 0.00245468 -0.390849 0 0 -1e-07 0 0 -2.12651e-10 
179 -0.00155981 -0.00184685 -0.400688 0 0 -1e-07 0 0 -2.13839e-10 
180 -0.000614234 -0.00229952 -0.46507 0 0 -1e-07 0 0 -2.15027e-10 
181 -0.00102068 -0.000399716 -0.307838 0 0 -1e-07 0 0 -2.16215e-10 
182 -0.000890722 0.00103436 -0.511341 0 0 -1e-07 0 0 -2.17403e-10 
183 0.00027128 -0.00107612 -0.35877 0 0 -1e-07 0 0 -2.18591e-10 
184 -0.000478028 -0.00140305 -0.393017 0 0 -1e-07 0 0 -2.19779e-10 
185 -0.000845161 0.000572275 -0.338078 0 0 -1e-07 0 0 -2.20967e-10 
186 -0.000360909 -0.00010949 -0.330796 0 0 -1e-07 0 0 -2.22155e-10 
187 -0.00166453 0.00076434 -0.432614 0 0 -1e-07 0 0 -2.23343e-10 
188 0.000366508 -0.000461662 -0.386386 0 0 -1e-07 0 0 -2.24531e-10 
189 -0.000825479 -0.000295461 -0.334539 0 0 -1e-07 0 0 -2.25719e-10 
190 -0.00144523 0.00109537 -0.412853 0 0 -1e-07 0 0 -2.26907e-10 
191 -0.000591272 -0.0016323 -0.353489 0 0 -1e-07 0 0 -2.28095e-10 
192 -0.000264014 -0.000589457 -0.432545 0 0 -1e-07 0 0 -2.29283e-10 
193 -0.000233748 0.000676025 -0.400213 0 0 -1e-07 0 0 -2.30471e-10 
194 -8.11104e-05 0.00234586 -0.409856 0 0 -1e-07 0 0 -2.31659e-10 
195 -0.000382853 0.00140883 -0.387065 0 0 -1e-07 0 0 -2.32847e-10 
196 0.000372234 0.00015646 -0.27061 0 0 -1e-07 0 0 -2.34035e-10 
197 -0.00103954 -0.000132869 -0.438598 0 0 -1e-07 0 0 -2.35223e-10 
198 9.63389e-05 0.000498827 -0.399423 0 0 -1e-07 0 0 -2.36411e-10 
199 -0.000962077 -0.00156329 -0.378366 0 0 -1e-07 0 0 -2.37599e-10 
200 2.28501e-05 -0.00234038 -0.245897 0 0 -1e-07 0 0 -2.38787e-10 
