# step Fx Fy Fz Vx Vy Vz Dx Dy Dz 
0 0 0 0 0 0 -1e-07 0 0 -1.18799e-12 
1 0 0 0 0 0 -1e-07 0 0 -2.37599e-12 
2 0 0 0 0 0 -1e-07 0 0 -3.56398e-12 
3 0 0 0 0 0 -1e-07 0 0 -4.75198e-12 
4 0 0 0 0 0 -1e-07 0 0 -5.93997e-12 
5 0 0 0 0 0 -1e-07 0 0 -7.12796e-12 
6 0 0 0 0 0 -1e-07 0 0 -8.31596e-12 
7 0 0 0 0 0 -1e-07 0 0 -9.50395e-12 
8 0 0 0 0 0 -1e-07 0 0 -1.06919e-11 
9 0 0 0 0 0 -1e-07 0 0 -1.18799e-11 
10 0 0 0 0 0 -1e-07 0 0 -1.30679e-11 
11 0 0 0 0 0 -1e-07 0 0 -1.42559e-11 
12 0 0 0 0 0 -1e-07 0 0 -1.54439e-11 
13 0 0 0 0 0 -1e-07 0 0 -1.66319e-11 
14 0 0 0 0 0 -1e-07 0 0 -1.78199e-11 
15 0 0 0 0 0 -1e-07 0 0 -1.90079e-11 
16 0 0 0 0 0 -1e-07 0 0 -2.01959e-11 
17 0 0 0 0 0 -1e-07 0 0 -2.13839e-11 
18 0 0 0 0 0 -1e-07 0 0 -2.25719e-11 
19 0 0 0 0 0 -1e-07 0 0 -2.37599e-11 
20 0 0 0 0 0 -1e-07 0 0 -2.49479e-11 
21 0 0 0 0 0 -1e-07 0 0 -2.61359e-11 
22 0 0 0 0 0 -1e-07 0 0 -2.73239e-11 
23 -3.13135e-11 1.59787e-12 -0.0176043 0 0 -1e-07 0 0 -2.85119e-11 
24 6.84792e-12 -1.00987e-10 -0.0282701 0 0 -1e-07 0 0 -2.96999e-11 
25 -3.95317e-11 -7.85648e-11 -0.0245933 0 0 -1e-07 0 0 -3.08878e-11 
26 -9.52335e-12 1.75549e-11 -0.0153909 0 0 -1e-07 0 0 -3.20758e-11 
27 9.98251e-11 -7.17365e-12 -0.0600334 0 0 -1e-07 0 0 -3.32638e-11 
28 3.90485e-11 -4.409e-11 -0.0255993 0 0 -1e-07 0 0 -3.44518e-11 
29 3.67168e-05 4.95954e-05 -0.0156335 0 0 -1e-07 0 0 -3.56398e-11 
30 6.23349e-11 6.68469e-11 -0.0640089 0 0 -1e-07 0 0 -3.68278e-11 
31 -2.40524e-11 -3.24772e-11 -0.0335348 0 0 -1e-07 0 0 -3.80158e-11 
32 -8.02485e-06 -0.000110266 -0.0569011 0 0 -1e-07 0 0 -3.92038e-11 
33 1.3838e-05 -7.31458e-05 -0.0856277 0 0 -1e-07 0 0 -4.03918e-11 
34 -9.38398e-06 -4.81647e-06 -0.106382 0 0 -1e-07 0 0 -4.15798e-11 
35 -0.000151112 -0.000138291 -0.0602953 0 0 -1e-07 0 0 -4.27678e-11 
36 -8.30443e-06 0.000368221 -0.164146 0 0 -1e-07 0 0 -4.39558e-11 
37 -0.000317142 -0.00022428 -0.144468 0 0 -1e-07 0 0 -4.51438e-11 
38 5.35922e-05 -0.000205094 -0.0537463 0 0 -1e-07 0 0 -4.63318e-11 
39 4.77343e-06 -0.000287637 -0.190515 0 0 -1e-07 0 0 -4.75198e-11 
40 2.0611e-05 0.000245402 -0.0876926 0 0 -1e-07 0 0 -4.87078e-11 
41 -1.47925e-05 -1.1031e-05 -0.11094 0 0 -1e-07 0 0 -4.98958e-11 
42 0.000218103 0.000161793 -0.314981 0 0 -1e-07 0 0 -5.10837e-11 
43 -6.52276e-05 -0.000344305 -0.157906 0 0 -1e-07 0 0 -5.22717e-11 
44 -0.000133848 -0.000181307 -0.105426 0 0 -1e-07 0 0 -5.34597e-11 
45 -8.63252e-05 -0.000121735 -0.129392 0 0 -1e-07 0 0 -5.46477e-11 
46 -0.00085963 0.000425976 -0.195982 0 0 -1e-07 0 0 -5.58357e-11 
47 -0.000236251 -0.000331246 -0.243018 0 0 -1e-07 0 0 -5.70237e-11 
48 -0.000376401 0.000931721 -0.359676 0 0 -1e-07 0 0 -5.82117e-11 
49 -4.9594e-05 2.15533e-06 -0.34044 0 0 -1e-07 0 0 -5.93997e-11 
50 0.00067407 0.000368941 -0.332349 0 0 -1e-07 0 0 -6.05877e-11 
51 5.95397e-05 -1.32981e-05 -0.249852 0 0 -1e-07 0 0 -6.17757e-11 
52 -0.000223605 -0.000710311 -0.246692 0 0 -1e-07 0 0 -6.29637e-11 
53 -0.000400927 -0.000855832 -0.238923 0 0 -1e-07 0 0 -6.41517e-11 
54 7.12991e-05 -0.00108836 -0.231018 0 0 -1e-07 0 0 -6.53397e-11 
55 -0.000508881 -0.00016516 -0.289203 0 0 -1e-07 0 0 -6.65277e-11 
56 0.000115612 -0.000461753 -0.295743 0 0 -1e-07 0 0 -6.77157e-11 
57 -0.000421437 9.47048e-05 -0.332417 0 0 -1e-07 0 0 -6.89037e-11 
58 0.000140539 0.000155151 -0.560762 0 0 -1e-07 0 0 -7.00917e-11 
59 0.000385473 0.000331038 -0.381043 0 0 -1e-07 0 0 -7.12796e-11 
60 0.000340111 -0.000944418 -0.255202 0 0 -1e-07 0 0 -7.24676e-11 
61 -0.000736968 -0.000862427 -0.31767 0 0 -1e-07 0 0 -7.36556e-11 
62 -1.15341e-05 0.000384094 -0.374931 0 0 -1e-07 0 0 -7.48436e-11 
63 7.00442e-05 0.000908656 -0.277364 0 0 -1e-07 0 0 -7.60316e-11 
64 0.0014431 -0.00051342 -0.357775 0 0 -1e-07 0 0 -7.72196e-11 
65 -0.000582798 -0.000166565 -0.479401 0 0 -1e-07 0 0 -7.84076e-11 
66 0.000801055 1.67496e-05 -0.361107 0 0 -1e-07 0 0 -7.95956e-11 
67 0.000647157 -0.000445853 -0.324469 0 0 -1e-07 0 0 -8.07836e-11 
68 3.37817e-05 -0.000721954 -0.31355 0 0 -1e-07 0 0 -8.19716e-11 
69 -0.000825548 -0.000945308 -0.286039 0 0 -1e-07 0 0 -8.31596e-11 
70 0.000166042 0.00108367 -0.280103 0 0 -1e-07 0 0 -8.43476e-11 
71 2.77404e-05 -0.000686003 -0.342458 0 0 -1e-07 0 0 -8.55356e-11 
72 -4.10714e-05 0.000246301 -0.218976 0 0 -1e-07 0 0 -8.67236e-11 
73 -0.00139105 -0.00117613 -0.302312 0 0 -1e-07 0 0 -8.79116e-11 
74 -0.000549687 0.00020296 -0.302587 0 0 -1e-07 0 0 -8.90996e-11 
75 -0.000373239 -0.00155378 -0.442184 0 0 -1e-07 0 0 -9.02876e-11 
76 -0.000986964 -0.000994241 -0.471257 0 0 -1e-07 0 0 -9.14755e-11 
77 0.000782396 -0.00132324 -0.371512 0 0 -1e-07 0 0 -9.26635e-11 
78 -0.00126238 -0.000107517 -0.432405 0 0 -1e-07 0 0 -9.38515e-11 
79 -8.2522e-05 4.79729e-05 -0.195012 0 0 -1e-07 0 0 -9.50395e-11 
80 0.000723112 -0.00160122 -0.326837 0 0 -1e-07 0 0 -9.62275e-11 
81 -0.00101502 -0.000641957 -0.41975 0 0 -1e-07 0 0 -9.74155e-11 
82 0.000480598 -0.00104013 -0.409657 0 0 -1e-07 0 0 -9.86035e-11 
83 0.00109062 0.000129217 -0.420004 0 0 -1e-07 0 0 -9.97915e-11 
84 -0.00114231 0.00036501 -0.322039 0 0 -1e-07 0 0 -1.0098e-10 
85 -5.08599e-05 -0.00012702 -0.251923 0 0 -1e-07 0 0 -1.02167e-10 
86 -0.000267882 -0.000530198 -0.353502 0 0 -1e-07 0 0 -1.03355e-10 
87 0.00125502 -0.000360285 -0.344028 0 0 -1e-07 0 0 -1.04543e-10 
88 -0.000300765 -0.00051506 -0.324747 0 0 -1e-07 0 0 -1.05731e-10 
89 -0.00020727 -1.05658e-05 -0.176541 0 0 -1e-07 0 0 -1.06919e-10 
90 0.00127586 -0.00103095 -0.370289 0 0 -1e-07 0 0 -1.08107e-10 
91 -0.00178326 -0.000474209 -0.545719 0 0 -1e-07 0 0 -1.09295e-10 
92 -0.00116352 -0.0002987 -0.315612 0 0 -1e-07 0 0 -1.10483e-10 
93 -0.00101571 -0.000422938 -0.290395 0 0 -1e-07 0 0 -1.11671e-10 
94 0.000558512 -0.0015254 -0.518838 0 0 -1e-07 0 0 -1.12859e-10 
95 0.000494893 0.000152763 -0.236287 0 0 -1e-07 0 0 -1.14047e-10 
96 0.000818803 0.000303767 -0.246638 0 0 -1e-07 0 0 -1.15235e-10 
97 0.00145328 -0.00225791 -0.43016 0 0 -1e-07 0 0 -1.16423e-10 
98 0.00098503 0.000612352 -0.355626 0 0 -1e-07 0 0 -1.17611e-10 
99 -2.6418e-05 -0.000877296 -0.150968 0 0 -1e-07 0 0 -1.18799e-10 
100 0.000741399 -0.00140392 -0.556132 0 0 -1e-07 0 0 -1.19987e-10 
101 -0.000280722 -0.000245711 -0.336707 0 0 -1e-07 0 0 -1.21175e-10 
102 0.00041606 0.000547375 -0.190431 0 0 -1e-07 0 0 -1.22363e-10 
103 -1.95119e-05 2.53838e-05 -0.329615 0 0 -1e-07 0 0 -1.23551e-10 
104 -0.000918765 0.000123692 -0.36143 0 0 -1e-07 0 0 -1.24739e-10 
105 -0.000619951 0.000883061 -0.300591 0 0 -1e-07 0 0 -1.25927e-10 
106 0.000633401 0.000398564 -0.40881 0 0 -1e-07 0 0 -1.27115e-10 
107 5.66061e-05 0.000834012 -0.490277 0 0 -1e-07 0 0 -1.28303e-10 
108 -0.00102738 -0.00054971 -0.471334 0 0 -1e-07 0 0 -1.29491e-10 
109 -0.000446879 -0.000462474 -0.287581 0 0 -1e-07 0 0 -1.30679e-10 
110 0.000214419 -0.000797713 -0.227451 0 0 -1e-07 0 0 -1.31867e-10 
111 0.000775594 0.000433719 -0.312121 0 0 -1e-07 0 0 -1.33055e-10 
112 -0.000583043 -0.000476352 -0.546671 0 0 -1e-07 0 0 -1.34243e-10 
113 -0.000492524 0.000553452 -0.270358 0 0 -1e-07 0 0 -1.35431e-10 
114 -0.000708353 7.30407e-05 -0.219779 0 0 -1e-07 0 0 -1.36619e-10 
115 -0.000977568 -0.000365478 -0.405229 0 0 -1e-07 0 0 -1.37807e-10 
116 -0.000925618 -0.00259404 -0.373222 0 0 -1e-07 0 0 -1.38995e-10 
117 0.000135324 -0.000764313 -0.375765 0 0 -1e-07 0 0 -1.40183e-10 
118 -0.000958215 -0.000222283 -0.307864 0 0 -1e-07 0 0 -1.41371e-10 
119 0.0012639 -0.000955867 -0.378111 0 0 -1e-07 0 0 -1.42559e-10 
120 6.99271e-05 -0.000845788 -0.295331 0 0 -1e-07 0 0 -1.43747e-10 
121 0.00119146 0.000163983 -0.355342 0 0 -1e-07 0 0 -1.44935e-10 
122 -0.000375232 -1.56443e-05 -0.336395 0 0 -1e-07 0 0 -1.46123e-10 
123 -0.000830829 0.00010066 -0.48331 0 0 -1e-07 0 0 -1.47311e-10 
124 0.000256224 -0.00107797 -0.273025 0 0 -1e-07 0 0 -1.48499e-10 
125 -7.98231e-05 -0.00166646 -0.460204 0 0 -1e-07 0 0 -1.49687e-10 
126 -0.000146424 0.000487885 -0.305386 0 0 -1e-07 0 0 -1.50875e-10 
127 -0.00207745 -0.000574543 -0.461987 0 0 -1e-07 0 0 -1.52063e-10 
128 -4.85581e-05 -0.000647461 -0.393503 0 0 -1e-07 0 0 -1.53251e-10 
129 0.00101101 -0.00141108 -0.388238 0 0 -1e-07 0 0 -1.54439e-10 
130 -3.07941e-05 -0.000611914 -0.356995 0 0 -1e-07 0 0 -1.55627e-10 
131 0.00224498 -0.000385678 -0.386422 0 0 -1e-07 0 0 -1.56815e-10 
132 0.000620233 -0.000877266 -0.366334 0 0 -1e-07 0 0 -1.58003e-10 
133 0.000971396 0.000593815 -0.274846 0 0 -1e-07 0 0 -1.59191e-10 
134 2.14657e-05 -0.00100125 -0.273249 0 0 -1e-07 0 0 -1.60379e-10 
135 0.000548043 6.31181e-05 -0.260725 0 0 -1e-07 0 0 -1.61567e-10 
136 -0.000441248 0.000756247 -0.230805 0 0 -1e-07 0 0 -1.62755e-10 
137 0.000251605 -0.000185562 -0.294943 0 0 -1e-07 0 0 -1.63943e-10 
138 -0.0010729 -0.00111323 -0.431642 0 0 -1e-07 0 0 -1.65131e-10 
139 8.30955e-05 0.0013368 -0.356801 0 0 -1e-07 0 0 -1.66319e-10 
140 0.00255641 -8.6739e-05 -0.359152 0 0 -1e-07 0 0 -1.67507e-10 
141 0.00128201 -0.000291186 -0.430618 0 0 -1e-07 0 0 -1.68695e-10 
142 -0.00383558 -0.0029775 -0.449987 0 0 -1e-07 0 0 -1.69883e-10 
143 0.000551329 0.000859051 -0.370055 0 0 -1e-07 0 0 -1.71071e-10 
144 -0.00109676 -4.78713e-05 -0.312042 0 0 -1e-07 0 0 -1.72259e-10 
145 0.000612137 -0.00105403 -0.242053 0 0 -1e-07 0 0 -1.73447e-10 
146 -0.00169963 -0.00216806 -0.428968 0 0 -1e-07 0 0 -1.74635e-10 
147 0.00212887 3.73982e-05 -0.368769 0 0 -1e-07 0 0 -1.75823e-10 
148 0.00127104 -0.00122731 -0.222211 0 0 -1e-07 0 0 -1.77011e-10 
149 0.00070006 -0.000107774 -0.401783 0 0 -1e-07 0 0 -1.78199e-10 
150 0.00040687 0.000743995 -0.378534 0 0 -1e-07 0 0 -1.79387e-10 
151 0.000643178 0.00129268 -0.412631 0 0 -1e-07 0 0 -1.80575e-10 
152 -0.000634957 -0.00222133 -0.404568 0 0 -1e-07 0 0 -1.81763e-10 
153 -0.000639851 0.000584449 -0.370675 0 0 -1e-07 0 0 -1.82951e-10 
154 -0.000992343 0.00104044 -0.30183 0 0 -1e-07 0 0 -1.84139e-10 
155 -0.000274127 -0.000315121 -0.423644 0 0 -1e-07 0 0 -1.85327e-10 
156 0.00106489 -0.00114181 -0.286184 0 0 -1e-07 0 0 -1.86515e-10 
157 0.00084092 0.00186475 -0.4246 0 0 -1e-07 0 0 -1.87703e-10 
158 -0.000934445 0.00034877 -0.311091 0 0 -1e-07 0 0 -1.88891e-10 
159 6.48709e-06 0.00105279 -0.358424 0 0 -1e-07 0 0 -1.90079e-10 
160 0.000601787 -0.000362308 -0.407779 0 0 -1e-07 0 0 -1.91267e-10 
161 -0.000334084 -0.000276913 -0.423694 0 0 -1e-07 0 0 -1.92455e-10 
162 0.000608909 -0.000157748 -0.31798 0 0 -1e-07 0 0 -1.93643e-10 
163 -0.000911471 -0.000594745 -0.411381 0 0 -1e-07 0 0 -1.94831e-10 
164 -0.000909787 0.000385141 -0.315313 0 0 -1e-07 0 0 -1.96019e-10 
165 0.0011191 -0.00036613 -0.470835 0 0 -1e-07 0 0 -1.97207e-10 
166 0.000419526 -0.00309373 -0.377558 0 0 -1e-07 0 0 -1.98395e-10 
167 -3.02205e-05 -3.0089e-06 -0.428733 0 0 -1e-07 0 0 -1.99583e-10 
168 0.000446428 0.00115662 -0.428158 0 0 -1e-07 0 0 -2.00771e-10 
169 -0.000652549 -6.81987e-05 -0.361294 0 0 -1e-07 0 0 -2.01959e-10 
170 -0.00104787 -0.00188949 -0.297792 0 0 -1e-07 0 0 -2.03147e-10 
171 0.000103775 -0.00179472 -0.270467 0 0 -1e-07 0 0 -2.04335e-10 
172 -0.000630982 0.000691123 -0.326512 0 0 -1e-07 0 0 -2.05523e-10 
173 -0.000321221 -0.000157628 -0.293049 0 0 -1e-07 0 0 -2.06711e-10 
174 0.000122145 -0.000727171 -0.425441 0 0 -1e-07 0 0 -2.07899e-10 
175 0.000142678 0.000866455 -0.406332 0 0 -1e-07 0 0 -2.09087e-10 
176 -0.000280386 -0.00146797 -0.45674 0 0 -1e-07 0 0 -2.10275e-10 
177 -0.00398829 -0.000346037 -0.333093 0 0 -1e-07 0 0 -2.11463e-10 
178 -0.000894443 0.0024547 -0.390716 0 0 -1e-07 0 0 -2.12651e-10 
179 -0.00135063 -0.00194981 -0.395505 0 0 -1e-07 0 0 -2.13839e-10 
180 -0.00047253 -0.00210859 -0.465966 0 0 -1e-07 0 0 -2.15027e-10 
181 -0.000990225 -5.27153e-05 -0.293582 0 0 -1e-07 0 0 -2.16215e-10 
182 -0.000619442 0.000946586 -0.505523 0 0 -1e-07 0 0 -2.17403e-10 
183 0.000632586 -0.00163583 -0.343879 0 0 -1e-07 0 0 -2.18591e-10 
184 -0.00109637 -0.00131449 -0.397601 0 0 -1e-07 0 0 -2.19779e-10 
185 -0.000803916 0.000718994 -0.338716 0 0 -1e-07 0 0 -2.20967e-10 
186 -0.00027271 -0.000286351 -0.315852 0 0 -1e-07 0 0 -2.22155e-10 
187 -0.00167254 0.000788064 -0.431212 0 0 -1e-07 0 0 -2.23343e-10 
188 0.000714157 -3.1096e-05 -0.423778 0 0 -1e-07 0 0 -2.24531e-10 
189 -0.000986022 0.000277026 -0.33991 0 0 -1e-07 0 0 -2.25719e-10 
190 -0.001352 1.90031e-05 -0.375916 0 0 -1e-07 0 0 -2.26907e-10 
191 -0.00117785 -0.00145746 -0.335904 0 0 -1e-07 0 0 -2.28095e-10 
192 -0.000845079 -0.000616466 -0.42757 0 0 -1e-07 0 0 -2.29283e-10 
193 -0.000363033 0.000811254 -0.391534 0 0 -1e-07 0 0 -2.30471e-10 
194 -1.32049e-06 0.00159521 -0.391702 0 0 -1e-07 0 0 -2.31659e-10 
195 0.000154735 0.00147681 -0.453331 0 0 -1e-07 0 0 -2.32847e-10 
196 -1.86326e-05 0.000995221 -0.296634 0 0 -1e-07 0 0 -2.34035e-10 
197 -0.00171623 0.000259285 -0.525361 0 0 -1e-07 0 0 -2.35223e-10 
198 -0.000834292 0.00131749 -0.313766 0 0 -1e-07 0 0 -2.36411e-10 
199 -0.000724234 -0.00216695 -0.333736 0 0 -1e-07 0 0 -2.37599e-10 
200 0.000617573 -0.00201696 -0.262059 0 0 -1e-07 0 0 -2.38787e-10 
