# step Fx Fy Fz Vx Vy Vz Dx Dy Dz 
0 0 0 0 0 0 -1e-07 0 0 -1.18799e-12 
1 0 0 0 0 0 -1e-07 0 0 -2.37599e-12 
2 0 0 0 0 0 -1e-07 0 0 -3.56398e-12 
3 0 0 0 0 0 -1e-07 0 0 -4.75198e-12 
4 0 0 0 0 0 -1e-07 0 0 -5.93997e-12 
5 0 0 0 0 0 -1e-07 0 0 -7.12796e-12 
6 0 0 0 0 0 -1e-07 0 0 -8.31596e-12 
7 0 0 0 0 0 -1e-07 0 0 -9.50395e-12 
8 0 0 0 0 0 -1e-07 0 0 -1.06919e-11 
9 0 0 0 0 0 -1e-07 0 0 -1.18799e-11 
10 0 0 0 0 0 -1e-07 0 0 -1.30679e-11 
11 0 0 0 0 0 -1e-07 0 0 -1.42559e-11 
12 0 0 0 0 0 -1e-07 0 0 -1.54439e-11 
13 0 0 0 0 0 -1e-07 0 0 -1.66319e-11 
14 0 0 0 0 0 -1e-07 0 0 -1.78199e-11 
15 0 0 0 0 0 -1e-07 0 0 -1.90079e-11 
16 0 0 0 0 0 -1e-07 0 0 -2.01959e-11 
17 0 0 0 0 0 -1e-07 0 0 -2.13839e-11 
18 0 0 0 0 0 -1e-07 0 0 -2.25719e-11 
19 0 0 0 0 0 -1e-07 0 0 -2.37599e-11 
20 0 0 0 0 0 -1e-07 0 0 -2.49479e-11 
21 0 0 0 0 0 -1e-07 0 0 -2.61359e-11 
22 0 0 0 0 0 -1e-07 0 0 -2.73239e-11 
23 2.21173e-10 2.66046e-10 -0.0165688 0 0 -1e-07 0 0 -2.85119e-11 
24 -4.01835e-11 3.23496e-10 -0.0266072 0 0 -1e-07 0 0 -2.96999e-11 
25 5.50223e-11 -1.45884e-10 -0.0231467 0 0 -1e-07 0 0 -3.08878e-11 
26 -1.56861e-11 -7.9312e-11 -0.0144856 0 0 -1e-07 0 0 -3.20758e-11 
27 4.09688e-10 -1.23255e-10 -0.056502 0 0 -1e-07 0 0 -3.32638e-11 
28 -3.7895e-12 2.17631e-11 -0.0240934 0 0 -1e-07 0 0 -3.44518e-11 
29 5.58032e-05 -6.75614e-06 -0.0263165 0 0 -1e-07 0 0 -3.56398e-11 
30 1.01091e-10 -2.58594e-10 -0.0602437 0 0 -1e-07 0 0 -3.68278e-11 
31 -0.000140831 -0.000170339 -0.0645199 0 0 -1e-07 0 0 -3.80158e-11 
32 3.7627e-05 -5.51146e-05 -0.0610679 0 0 -1e-07 0 0 -3.92038e-11 
33 7.57542e-05 -2.84973e-05 -0.0752942 0 0 -1e-07 0 0 -4.03918e-11 
34 -0.000147829 -0.000588574 -0.120301 0 0 -1e-07 0 0 -4.15798e-11 
35 9.75482e-06 -6.48807e-05 -0.0561517 0 0 -1e-07 0 0 -4.27678e-11 
36 0.0001778 -8.65819e-05 -0.169798 0 0 -1e-07 0 0 -4.39558e-11 
37 -0.000143308 -0.000353934 -0.126965 0 0 -1e-07 0 0 -4.51438e-11 
38 0.000209376 -0.000400803 -0.0653209 0 0 -1e-07 0 0 -4.63318e-11 
39 0.000375524 7.79907e-05 -0.232714 0 0 -1e-07 0 0 -4.75198e-11 
40 -7.45247e-05 -0.000372768 -0.136414 0 0 -1e-07 0 0 -4.87078e-11 
41 0.000350983 0.00011535 -0.146419 0 0 -1e-07 0 0 -4.98958e-11 
42 -0.000377913 -0.000397267 -0.183122 0 0 -1e-07 0 0 -5.10837e-11 
43 0.000278852 0.000156039 -0.224117 0 0 -1e-07 0 0 -5.22717e-11 
44 0.00019747 -0.000397848 -0.150062 0 0 -1e-07 0 0 -5.34597e-11 
45 -0.000790047 -0.000235376 -0.119349 0 0 -1e-07 0 0 -5.46477e-11 
46 -9.7223e-06 -0.00113319 -0.330654 0 0 -1e-07 0 0 -5.58357e-11 
47 0.00013564 0.00024727 -0.297791 0 0 -1e-07 0 0 -5.70237e-11 
48 -2.13222e-05 0.000769146 -0.141489 0 0 -1e-07 0 0 -5.82117e-11 
49 0.000208016 1.93129e-05 -0.315315 0 0 -1e-07 0 0 -5.93997e-11 
50 -0.000108119 -0.000131979 -0.291168 0 0 -1e-07 0 0 -6.05877e-11 
51 0.000952018 -0.000516261 -0.445573 0 0 -1e-07 0 0 -6.17757e-11 
52 -0.000437249 -0.00143022 -0.443222 0 0 -1e-07 0 0 -6.29637e-11 
53 0.000559179 -0.000463106 -0.289665 0 0 -1e-07 0 0 -6.41517e-11 
54 -0.000264485 0.000113777 -0.251779 0 0 -1e-07 0 0 -6.53397e-11 
55 0.00059559 0.000144132 -0.191916 0 0 -1e-07 0 0 -6.65277e-11 
56 -0.000421772 0.000198525 -0.269259 0 0 -1e-07 0 0 -6.77157e-11 
57 -0.000334657 -0.000759499 -0.435471 0 0 -1e-07 0 0 -6.89037e-11 
58 -0.000138652 -0.00012015 -0.420155 0 0 -1e-07 0 0 -7.00917e-11 
59 -0.000378135 0.00144767 -0.373661 0 0 -1e-07 0 0 -7.12796e-11 
60 0.00112854 -0.0019183 -0.526988 0 0 -1e-07 0 0 -7.24676e-11 
61 0.000140749 0.000273815 -0.438589 0 0 -1e-07 0 0 -7.36556e-11 
62 0.00241075 0.00160991 -0.335043 0 0 -1e-07 0 0 -7.48436e-11 
63 0.000538979 -9.58257e-05 -0.321516 0 0 -1e-07 0 0 -7.60316e-11 
64 -3.83079e-05 -0.00100974 -0.281398 0 0 -1e-07 0 0 -7.72196e-11 
65 0.00119385 0.00049015 -0.401934 0 0 -1e-07 0 0 -7.84076e-11 
66 0.000376228 0.000275077 -0.298253 0 0 -1e-07 0 0 -7.95956e-11 
67 -0.000618576 -0.000178815 -0.423705 0 0 -1e-07 0 0 -8.07836e-11 
68 -0.00023629 0.00056901 -0.337957 0 0 -1e-07 0 0 -8.19716e-11 
69 -0.000682114 6.99318e-05 -0.400544 0 0 -1e-07 0 0 -8.31596e-11 
70 0.000260299 -0.000910921 -0.453972 0 0 -1e-07 0 0 -8.43476e-11 
71 -0.000151255 0.000111887 -0.372916 0 0 -1e-07 0 0 -8.55356e-11 
72 0.000634893 0.00081409 -0.519866 0 0 -1e-07 0 0 -8.67236e-11 
73 0.00271191 0.00257993 -0.433011 0 0 -1e-07 0 0 -8.79116e-11 
74 -0.000524363 -0.000259962 -0.302856 0 0 -1e-07 0 0 -8.90996e-11 
75 -4.0141e-05 -0.00172334 -0.346827 0 0 -1e-07 0 0 -9.02876e-11 
76 -0.000609205 0.000941254 -0.371554 0 0 -1e-07 0 0 -9.14755e-11 
77 -0.000226537 0.000725646 -0.348739 0 0 -1e-07 0 0 -9.26635e-11 
78 0.000214772 0.000381731 -0.41456 0 0 -1e-07 0 0 -9.38515e-11 
79 -0.000306347 0.000187231 -0.247067 0 0 -1e-07 0 0 -9.50395e-11 
80 0.000498577 -0.00151339 -0.602169 0 0 -1e-07 0 0 -9.62275e-11 
81 -0.000580472 -0.00186157 -0.658938 0 0 -1e-07 0 0 -9.74155e-11 
82 5.88181e-05 -0.000692722 -0.357771 0 0 -1e-07 0 0 -9.86035e-11 
83 0.000655863 0.00118477 -0.462257 0 0 -1e-07 0 0 -9.97915e-11 
84 -0.000161863 -0.001457 -0.34504 0 0 -1e-07 0 0 -1.0098e-10 
85 5.70017e-05 -0.000807494 -0.259094 0 0 -1e-07 0 0 -1.02167e-10 
86 -0.000325804 -0.000137994 -0.292977 0 0 -1e-07 0 0 -1.03355e-10 
87 0.0011017 -0.000251987 -0.471748 0 0 -1e-07 0 0 -1.04543e-10 
88 -0.000995866 -7.87889e-05 -0.346895 0 0 -1e-07 0 0 -1.05731e-10 
89 -0.000280237 0.00402177 -0.400577 0 0 -1e-07 0 0 -1.06919e-10 
90 0.00115088 -0.000711299 -0.473557 0 0 -1e-07 0 0 -1.08107e-10 
91 0.000770691 -7.10883e-05 -0.388821 0 0 -1e-07 0 0 -1.09295e-10 
92 0.000332456 0.000288877 -0.253358 0 0 -1e-07 0 0 -1.10483e-10 
93 -0.00166251 0.000544861 -0.351529 0 0 -1e-07 0 0 -1.11671e-10 
94 -0.00247164 0.00116231 -0.360161 0 0 -1e-07 0 0 -1.12859e-10 
95 -0.00139017 -0.0017121 -0.454104 0 0 -1e-07 0 0 -1.14047e-10 
96 0.00199405 0.000299493 -0.483223 0 0 -1e-07 0 0 -1.15235e-10 
97 -0.00161076 -0.000220026 -0.443987 0 0 -1e-07 0 0 -1.16423e-10 
98 -0.000560563 0.00182909 -0.665303 0 0 -1e-07 0 0 -1.17611e-10 
99 -0.000860012 -0.00258181 -0.488243 0 0 -1e-07 0 0 -1.18799e-10 
100 0.00202712 0.000796493 -0.463107 0 0 -1e-07 0 0 -1.19987e-10 
101 -0.00092754 -0.000210854 -0.433132 0 0 -1e-07 0 0 -1.21175e-10 
102 0.000755711 0.000525758 -0.419221 0 0 -1e-07 0 0 -1.22363e-10 
103 -0.000174156 0.00132927 -0.186303 0 0 -1e-07 0 0 -1.23551e-10 
104 8.94237e-05 -0.000737171 -0.283302 0 0 -1e-07 0 0 -1.24739e-10 
105 -0.00122188 -0.00042521 -0.293955 0 0 -1e-07 0 0 -1.25927e-10 
106 0.000238237 0.00438514 -0.482479 0 0 -1e-07 0 0 -1.27115e-10 
107 0.00194267 0.00232646 -0.386413 0 0 -1e-07 0 0 -1.28303e-10 
108 0.00128624 0.000255791 -0.559488 0 0 -1e-07 0 0 -1.29491e-10 
109 0.00141418 0.00349269 -0.53713 0 0 -1e-07 0 0 -1.30679e-10 
110 -0.000921143 -0.00379453 -0.610567 0 0 -1e-07 0 0 -1.31867e-10 
111 -0.000809971 0.00108654 -0.397787 0 0 -1e-07 0 0 -1.33055e-10 
112 -0.00184732 0.00316225 -0.445734 0 0 -1e-07 0 0 -1.34243e-10 
113 0.00101195 0.000926896 -0.417354 0 0 -1e-07 0 0 -1.35431e-10 
114 0.000341655 -0.00145282 -0.428479 0 0 -1e-07 0 0 -1.36619e-10 
115 0.00238261 -0.000449814 -0.404721 0 0 -1e-07 0 0 -1.37807e-10 
116 -0.000614072 0.00044675 -0.335237 0 0 -1e-07 0 0 -1.38995e-10 
117 0.000329367 -0.0013609 -0.457749 0 0 -1e-07 0 0 -1.40183e-10 
118 0.00118854 0.001814 -0.383557 0 0 -1e-07 0 0 -1.41371e-10 
119 0.00218914 0.00121025 -0.476979 0 0 -1e-07 0 0 -1.42559e-10 
120 0.000199873 0.000705166 -0.45752 0 0 -1e-07 0 0 -1.43747e-10 
121 -0.00184527 0.00206527 -0.510703 0 0 -1e-07 0 0 -1.44935e-10 
122 0.00161829 4.99202e-05 -0.530721 0 0 -1e-07 0 0 -1.46123e-10 
123 -0.0021711 -0.00198215 -0.441738 0 0 -1e-07 0 0 -1.47311e-10 
124 -0.000249979 -0.000908745 -0.413133 0 0 -1e-07 0 0 -1.48499e-10 
125 0.0020749 -0.000364902 -0.339518 0 0 -1e-07 0 0 -1.49687e-10 
126 -7.36875e-05 -0.00212552 -0.467115 0 0 -1e-07 0 0 -1.50875e-10 
127 -0.00282244 -0.000760014 -0.446489 0 0 -1e-07 0 0 -1.52063e-10 
128 -0.00244057 0.00202218 -0.385989 0 0 -1e-07 0 0 -1.53251e-10 
129 0.000318159 0.00183405 -0.373024 0 0 -1e-07 0 0 -1.54439e-10 
130 -0.00115137 -0.00132785 -0.325966 0 0 -1e-07 0 0 -1.55627e-10 
131 0.00174418 -0.000451052 -0.520954 0 0 -1e-07 0 0 -1.56815e-10 
132 0.0011335 0.000213313 -0.67866 0 0 -1e-07 0 0 -1.58003e-10 
133 0.00189847 -0.00166499 -0.389082 0 0 -1e-07 0 0 -1.59191e-10 
134 0.00141419 -0.00105988 -0.241192 0 0 -1e-07 0 0 -1.60379e-10 
135 -0.000658196 0.00535283 -0.313706 0 0 -1e-07 0 0 -1.61567e-10 
136 -0.00137327 -0.000826175 -0.442727 0 0 -1e-07 0 0 -1.62755e-10 
137 0.00155413 0.000451949 -0.4343 0 0 -1e-07 0 0 -1.63943e-10 
138 0.00497607 0.00169875 -0.520514 0 0 -1e-07 0 0 -1.65131e-10 
139 0.00196191 0.000174361 -0.418936 0 0 -1e-07 0 0 -1.66319e-10 
140 0.000774123 -0.00418999 -0.543296 0 0 -1e-07 0 0 -1.67507e-10 
141 0.00183377 0.00222371 -0.478933 0 0 -1e-07 0 0 -1.68695e-10 
142 -0.000679211 0.00039509 -0.429477 0 0 -1e-07 0 0 -1.69883e-10 
143 -0.0028509 0.00232895 -0.511833 0 0 -1e-07 0 0 -1.71071e-10 
144 -0.0025032 -0.000984418 -0.369886 0 0 -1e-07 0 0 -1.72259e-10 
145 -0.00200516 -0.000928257 -0.41122 0 0 -1e-07 0 0 -1.73447e-10 
146 -0.000625082 -0.00180884 -0.468976 0 0 -1e-07 0 0 -1.74635e-10 
147 -0.0021472 -0.000163037 -0.63459 0 0 -1e-07 0 0 -1.75823e-10 
148 0.000670111 0.000296613 -0.553887 0 0 -1e-07 0 0 -1.77011e-10 
149 -0.000589599 0.00245521 -0.410127 0 0 -1e-07 0 0 -1.78199e-10 
150 -0.000476684 0.00275475 -0.508981 0 0 -1e-07 0 0 -1.79387e-10 
151 -0.00117682 0.000952902 -0.397101 0 0 -1e-07 0 0 -1.80575e-10 
152 0.0018291 -0.00117131 -0.251819 0 0 -1e-07 0 0 -1.81763e-10 
153 -0.00116305 0.000490768 -0.389181 0 0 -1e-07 0 0 -1.82951e-10 
154 -0.0012232 -0.00135713 -0.492455 0 0 -1e-07 0 0 -1.84139e-10 
155 -0.00148625 0.00136864 -0.376724 0 0 -1e-07 0 0 -1.85327e-10 
156 0.0013983 0.00126946 -0.301188 0 0 -1e-07 0 0 -1.86515e-10 
157 -0.00138705 -0.00139912 -0.471127 0 0 -1e-07 0 0 -1.87703e-10 
158 -0.00235229 0.000411199 -0.701981 0 0 -1e-07 0 0 -1.88891e-10 
159 -0.00302563 -0.00434152 -0.486384 0 0 -1e-07 0 0 -1.90079e-10 
160 -0.00140373 0.0012934 -0.366559 0 0 -1e-07 0 0 -1.91267e-10 
161 -0.000638043 -0.00030604 -0.50705 0 0 -1e-07 0 0 -1.92455e-10 
162 -0.00127064 -0.00104091 -0.417587 0 0 -1e-07 0 0 -1.93643e-10 
163 -0.00115864 0.00145661 -0.644114 0 0 -1e-07 0 0 -1.94831e-10 
164 -0.000633565 -0.00030353 -0.500467 0 0 -1e-07 0 0 -1.96019e-10 
165 -0.000653632 -0.00229755 -0.342734 0 0 -1e-07 0 0 -1.97207e-10 
166 0.00034254 0.00305904 -0.617259 0 0 -1e-07 0 0 -1.98395e-10 
167 0.00169299 0.00329053 -0.330807 0 0 -1e-07 0 0 -1.99583e-10 
168 0.000283949 -0.00111025 -0.438659 0 0 -1e-07 0 0 -2.00771e-10 
169 -0.00216279 -0.00217002 -0.412441 0 0 -1e-07 0 0 -2.01959e-10 
170 -0.00347355 0.00120324 -0.496394 0 0 -1e-07 0 0 -2.03147e-10 
171 -0.000891446 0.00137968 -0.453938 0 0 -1e-07 0 0 -2.04335e-10 
172 -0.00136719 0.000799971 -0.457694 0 0 -1e-07 0 0 -2.05523e-10 
173 -0.000131833 0.00191206 -0.289158 0 0 -1e-07 0 0 -2.06711e-10 
174 -0.00332429 -0.00030823 -0.617218 0 0 -1e-07 0 0 -2.07899e-10 
175 -0.00276884 0.000520868 -0.66778 0 0 -1e-07 0 0 -2.09087e-10 
176 -0.000491424 0.00161048 -0.330234 0 0 -1e-07 0 0 -2.10275e-10 
177 0.00254524 -0.00192723 -0.310203 0 0 -1e-07 0 0 -2.11463e-10 
178 0.000832077 -0.00274977 -0.778349 0 0 -1e-07 0 0 -2.12651e-10 
179 0.000423855 0.00285064 -0.595358 0 0 -1e-07 0 0 -2.13839e-10 
180 0.000686001 0.000791278 -0.556105 0 0 -1e-07 0 0 -2.15027e-10 
181 0.00487515 3.22935e-05 -0.403151 0 0 -1e-07 0 0 -2.16215e-10 
182 0.0002477 0.000473505 -0.461196 0 0 -1e-07 0 0 -2.17403e-10 
183 0.00131745 -0.00254476 -0.493992 0 0 -1e-07 0 0 -2.18591e-10 
184 0.00373388 -0.00115243 -0.318602 0 0 -1e-07 0 0 -2.19779e-10 
185 9.68779e-05 -0.000908511 -0.346852 0 0 -1e-07 0 0 -2.20967e-10 
186 -0.000633593 -0.000207004 -0.501532 0 0 -1e-07 0 0 -2.22155e-10 
187 0.00102167 0.00457669 -0.3187 0 0 -1e-07 0 0 -2.23343e-10 
188 -0.000232306 7.51159e-05 -0.528165 0 0 -1e-07 0 0 -2.24531e-10 
189 -0.000548176 -0.00530825 -0.640865 0 0 -1e-07 0 0 -2.25719e-10 
190 -0.00401075 0.000216362 -0.436185 0 0 -1e-07 0 0 -2.26907e-10 
191 -0.00183074 -0.00117487 -0.636149 0 0 -1e-07 0 0 -2.28095e-10 
192 0.00201389 -0.00215946 -0.488126 0 0 -1e-07 0 0 -2.29283e-10 
193 -0.00129405 -0.00412001 -0.48859 0 0 -1e-07 0 0 -2.30471e-10 
194 -0.000681529 -0.00219226 -0.440511 0 0 -1e-07 0 0 -2.31659e-10 
195 -0.00085926 0.00184004 -0.469544 0 0 -1e-07 0 0 -2.32847e-10 
196 -0.000634677 0.00100681 -0.405024 0 0 -1e-07 0 0 -2.34035e-10 
197 -0.00137857 -0.00140593 -0.472904 0 0 -1e-07 0 0 -2.35223e-10 
198 0.000592645 0.00298735 -0.57249 0 0 -1e-07 0 0 -2.36411e-10 
199 0.00122972 0.000320086 -0.329332 0 0 -1e-07 0 0 -2.37599e-10 
200 -0.000426149 -0.00178389 -0.454696 0 0 -1e-07 0 0 -2.38787e-10 
